331.0	331.0	0.0	208.0	90.0	0.0	123.0	241.0	0.0
243.0	243.0	272.0	582.0	118.0	0.0	-339.0	125.0	272.0
0.0	0.0	0.0	278.0	160.0	85.0	-278.0	-160.0	-85.0
654.0	654.0	0.0	0.0	0.0	0.0	654.0	654.0	0.0
515.0	292.0	125.0	620.0	118.0	0.0	-105.0	174.0	125.0
0.0	0.0	0.0	584.0	230.0	0.0	-584.0	-230.0	0.0
0.0	0.0	0.0	476.0	118.0	0.0	-476.0	-118.0	0.0
547.0	178.0	0.0	496.0	156.0	0.0	51.0	22.0	0.0
0.0	0.0	0.0	526.0	178.0	0.0	-526.0	-178.0	0.0
0.0	0.0	0.0	0.0	0.0	0.0	0.0	0.0	0.0
362.0	233.0	0.0	885.0	231.0	0.0	-523.0	2.0	0.0
569.0	455.0	0.0	337.0	157.0	0.0	232.0	298.0	0.0
232.0	232.0	0.0	246.0	128.0	0.0	-14.0	104.0	0.0
0.0	0.0	0.0	555.0	118.0	0.0	-555.0	-118.0	0.0
0.0	0.0	0.0	502.0	134.0	0.0	-502.0	-134.0	0.0
326.0	150.0	0.0	618.0	118.0	0.0	-292.0	32.0	0.0
341.0	341.0	0.0	118.0	118.0	341.0	223.0	223.0	-341.0
0.0	0.0	0.0	366.0	118.0	0.0	-366.0	-118.0	0.0
243.0	243.0	0.0	562.0	118.0	0.0	-319.0	125.0	0.0
0.0	0.0	0.0	358.0	112.0	0.0	-358.0	-112.0	0.0
243.0	243.0	120.0	647.0	128.0	0.0	-404.0	115.0	120.0
332.0	89.0	0.0	208.0	118.0	0.0	124.0	-29.0	0.0
243.0	243.0	0.0	646.0	118.0	0.0	-403.0	125.0	0.0
105.0	105.0	194.0	0.0	0.0	0.0	105.0	105.0	194.0
405.0	210.0	0.0	949.0	206.0	0.0	-544.0	4.0	0.0
169.0	169.0	134.0	663.0	144.0	0.0	-494.0	25.0	134.0
505.0	245.0	0.0	1149.0	153.0	0.0	-644.0	92.0	0.0
169.0	169.0	0.0	497.0	135.0	0.0	-328.0	34.0	0.0
0.0	0.0	0.0	240.0	128.0	0.0	-240.0	-128.0	0.0
455.0	455.0	0.0	208.0	118.0	0.0	247.0	337.0	0.0
0.0	0.0	0.0	519.0	128.0	114.0	-519.0	-128.0	-114.0
332.0	203.0	0.0	587.0	341.0	0.0	-255.0	-138.0	0.0
461.0	203.0	0.0	722.0	341.0	0.0	-261.0	-138.0	0.0
427.0	109.0	0.0	783.0	560.0	0.0	-356.0	-451.0	0.0
0.0	0.0	0.0	370.0	118.0	0.0	-370.0	-118.0	0.0
0.0	0.0	0.0	560.0	112.0	0.0	-560.0	-112.0	0.0
676.0	369.0	307.0	932.0	132.0	0.0	-256.0	237.0	307.0
150.0	150.0	0.0	607.0	178.0	0.0	-457.0	-28.0	0.0
398.0	289.0	0.0	329.0	79.0	0.0	69.0	210.0	0.0
304.0	150.0	0.0	815.0	177.0	0.0	-511.0	-27.0	0.0
0.0	0.0	0.0	576.0	90.0	0.0	-576.0	-90.0	0.0
0.0	0.0	0.0	384.0	233.0	109.0	-384.0	-233.0	-109.0
0.0	0.0	0.0	520.0	180.0	0.0	-520.0	-180.0	0.0
278.0	169.0	0.0	337.0	42.0	0.0	-59.0	127.0	0.0
276.0	129.0	0.0	925.0	132.0	0.0	-649.0	-3.0	0.0
399.0	120.0	0.0	90.0	90.0	85.0	309.0	30.0	-85.0
150.0	150.0	255.0	471.0	130.0	0.0	-321.0	20.0	255.0
0.0	0.0	0.0	657.0	128.0	0.0	-657.0	-128.0	0.0
0.0	0.0	0.0	260.0	150.0	0.0	-260.0	-150.0	0.0
384.0	110.0	0.0	463.0	173.0	0.0	-79.0	-63.0	0.0
0.0	0.0	0.0	308.0	128.0	0.0	-308.0	-128.0	0.0
623.0	129.0	0.0	929.0	482.0	0.0	-306.0	-353.0	0.0
0.0	0.0	0.0	652.0	180.0	0.0	-652.0	-180.0	0.0
807.0	678.0	0.0	612.0	207.0	0.0	195.0	471.0	0.0
415.0	169.0	0.0	344.0	113.0	0.0	71.0	56.0	0.0
0.0	0.0	0.0	600.0	118.0	0.0	-600.0	-118.0	0.0
109.0	109.0	109.0	610.0	231.0	0.0	-501.0	-122.0	109.0
0.0	0.0	0.0	246.0	118.0	0.0	-246.0	-118.0	0.0
408.0	408.0	0.0	859.0	189.0	0.0	-451.0	219.0	0.0
89.0	89.0	170.0	262.0	130.0	0.0	-173.0	-41.0	170.0
360.0	210.0	218.0	616.0	156.0	0.0	-256.0	54.0	218.0
109.0	109.0	298.0	132.0	132.0	0.0	-23.0	-23.0	298.0
0.0	0.0	0.0	522.0	90.0	0.0	-522.0	-90.0	0.0
129.0	129.0	0.0	431.0	133.0	0.0	-302.0	-4.0	0.0
210.0	210.0	0.0	518.0	132.0	0.0	-308.0	78.0	0.0
330.0	154.0	0.0	497.0	154.0	0.0	-167.0	0.0	0.0
280.0	130.0	218.0	990.0	170.0	0.0	-710.0	-40.0	218.0
0.0	0.0	0.0	570.0	340.0	0.0	-570.0	-340.0	0.0
383.0	109.0	0.0	820.0	173.0	0.0	-437.0	-64.0	0.0
494.0	365.0	0.0	132.0	132.0	0.0	362.0	233.0	0.0
129.0	129.0	170.0	360.0	90.0	0.0	-231.0	39.0	170.0
0.0	0.0	0.0	576.0	118.0	0.0	-576.0	-118.0	0.0
852.0	397.0	0.0	1094.0	133.0	0.0	-242.0	264.0	0.0
331.0	331.0	0.0	386.0	178.0	0.0	-55.0	153.0	0.0
150.0	150.0	109.0	642.0	132.0	0.0	-492.0	18.0	109.0
269.0	269.0	327.0	510.0	241.0	0.0	-241.0	28.0	327.0
0.0	0.0	0.0	514.0	233.0	0.0	-514.0	-233.0	0.0
0.0	0.0	0.0	356.0	112.0	85.0	-356.0	-112.0	-85.0
0.0	0.0	0.0	578.0	178.0	0.0	-578.0	-178.0	0.0
233.0	233.0	114.0	610.0	128.0	0.0	-377.0	105.0	114.0
283.0	129.0	0.0	581.0	135.0	0.0	-298.0	-6.0	0.0
0.0	0.0	0.0	492.0	128.0	0.0	-492.0	-128.0	0.0
0.0	0.0	0.0	602.0	90.0	0.0	-602.0	-90.0	0.0
285.0	285.0	0.0	466.0	118.0	0.0	-181.0	167.0	0.0
142.0	142.0	114.0	857.0	454.0	0.0	-715.0	-312.0	114.0
296.0	296.0	0.0	294.0	156.0	0.0	2.0	140.0	0.0
0.0	0.0	0.0	262.0	144.0	0.0	-262.0	-144.0	0.0
176.0	71.0	0.0	222.0	132.0	0.0	-46.0	-61.0	0.0
983.0	542.0	0.0	497.0	42.0	0.0	486.0	500.0	0.0
569.0	169.0	0.0	656.0	175.0	0.0	-87.0	-6.0	0.0
216.0	216.0	189.0	338.0	220.0	0.0	-122.0	-4.0	189.0
0.0	0.0	0.0	354.0	118.0	85.0	-354.0	-118.0	-85.0
0.0	0.0	0.0	658.0	128.0	0.0	-658.0	-128.0	0.0
0.0	0.0	0.0	118.0	118.0	303.0	-118.0	-118.0	-303.0
355.0	355.0	0.0	294.0	160.0	0.0	61.0	195.0	0.0
129.0	129.0	170.0	484.0	112.0	0.0	-355.0	17.0	170.0
129.0	129.0	284.0	860.0	132.0	0.0	-731.0	-3.0	284.0
207.0	207.0	0.0	662.0	113.0	0.0	-455.0	94.0	0.0
303.0	178.0	0.0	738.0	134.0	0.0	-435.0	44.0	0.0
627.0	129.0	0.0	904.0	132.0	0.0	-277.0	-3.0	0.0
0.0	0.0	0.0	376.0	130.0	0.0	-376.0	-130.0	0.0
69.0	69.0	190.0	180.0	90.0	0.0	-111.0	-21.0	190.0
814.0	542.0	0.0	634.0	42.0	0.0	180.0	500.0	0.0
565.0	355.0	0.0	706.0	162.0	0.0	-141.0	193.0	0.0
0.0	0.0	0.0	382.0	132.0	0.0	-382.0	-132.0	0.0
0.0	0.0	0.0	178.0	178.0	0.0	-178.0	-178.0	0.0
0.0	0.0	0.0	602.0	118.0	0.0	-602.0	-118.0	0.0
325.0	109.0	241.0	587.0	173.0	0.0	-262.0	-64.0	241.0
129.0	129.0	0.0	699.0	173.0	0.0	-570.0	-44.0	0.0
207.0	207.0	145.0	846.0	182.0	0.0	-639.0	25.0	145.0
129.0	129.0	170.0	118.0	118.0	0.0	11.0	11.0	170.0
814.0	542.0	0.0	250.0	42.0	0.0	564.0	500.0	0.0
130.0	130.0	218.0	132.0	132.0	0.0	-2.0	-2.0	218.0
455.0	227.0	0.0	943.0	276.0	0.0	-488.0	-49.0	0.0
0.0	0.0	0.0	0.0	0.0	0.0	0.0	0.0	0.0
447.0	447.0	0.0	498.0	228.0	0.0	-51.0	219.0	0.0
300.0	131.0	0.0	317.0	173.0	131.0	-17.0	-42.0	-131.0
0.0	0.0	0.0	825.0	326.0	85.0	-825.0	-326.0	-85.0
0.0	0.0	0.0	178.0	178.0	0.0	-178.0	-178.0	0.0
365.0	365.0	105.0	460.0	326.0	105.0	-95.0	39.0	0.0
506.0	506.0	0.0	160.0	160.0	719.0	346.0	346.0	-719.0
89.0	89.0	0.0	580.0	330.0	0.0	-491.0	-241.0	0.0
254.0	254.0	0.0	510.0	156.0	0.0	-256.0	98.0	0.0
261.0	261.0	109.0	130.0	130.0	109.0	131.0	131.0	0.0
129.0	129.0	170.0	359.0	118.0	0.0	-230.0	11.0	170.0
0.0	0.0	0.0	492.0	178.0	0.0	-492.0	-178.0	0.0
300.0	131.0	0.0	758.0	351.0	0.0	-458.0	-220.0	0.0
568.0	109.0	0.0	493.0	134.0	0.0	75.0	-25.0	0.0
252.0	252.0	0.0	866.0	113.0	0.0	-614.0	139.0	0.0
150.0	150.0	109.0	449.0	241.0	109.0	-299.0	-91.0	0.0
443.0	200.0	0.0	602.0	118.0	0.0	-159.0	82.0	0.0
541.0	207.0	0.0	690.0	118.0	0.0	-149.0	89.0	0.0
250.0	250.0	0.0	336.0	224.0	0.0	-86.0	26.0	0.0
650.0	130.0	0.0	617.0	118.0	0.0	33.0	12.0	0.0
318.0	129.0	0.0	808.0	133.0	0.0	-490.0	-4.0	0.0
0.0	0.0	0.0	398.0	158.0	0.0	-398.0	-158.0	0.0
0.0	0.0	0.0	1006.0	555.0	0.0	-1006.0	-555.0	0.0
243.0	243.0	0.0	654.0	178.0	0.0	-411.0	65.0	0.0
0.0	0.0	0.0	326.0	118.0	0.0	-326.0	-118.0	0.0
735.0	342.0	0.0	579.0	206.0	0.0	156.0	136.0	0.0
150.0	150.0	0.0	515.0	173.0	0.0	-365.0	-23.0	0.0
459.0	302.0	0.0	490.0	221.0	0.0	-31.0	81.0	0.0
0.0	0.0	0.0	704.0	132.0	0.0	-704.0	-132.0	0.0
243.0	243.0	250.0	582.0	202.0	0.0	-339.0	41.0	250.0
0.0	0.0	0.0	256.0	138.0	85.0	-256.0	-138.0	-85.0
358.0	169.0	0.0	465.0	173.0	0.0	-107.0	-4.0	0.0
305.0	169.0	0.0	886.0	118.0	0.0	-581.0	51.0	0.0
368.0	169.0	0.0	333.0	173.0	0.0	35.0	-4.0	0.0
210.0	210.0	0.0	726.0	206.0	0.0	-516.0	4.0	0.0
0.0	0.0	0.0	90.0	90.0	0.0	-90.0	-90.0	0.0
323.0	169.0	0.0	287.0	90.0	0.0	36.0	79.0	0.0
0.0	0.0	0.0	118.0	118.0	0.0	-118.0	-118.0	0.0
311.0	169.0	0.0	486.0	132.0	0.0	-175.0	37.0	0.0
318.0	318.0	213.0	208.0	90.0	0.0	110.0	228.0	213.0
0.0	0.0	0.0	140.0	140.0	279.0	-140.0	-140.0	-279.0
129.0	129.0	0.0	685.0	128.0	0.0	-556.0	1.0	0.0
0.0	0.0	0.0	775.0	263.0	0.0	-775.0	-263.0	0.0
109.0	109.0	104.0	477.0	113.0	0.0	-368.0	-4.0	104.0
277.0	129.0	109.0	581.0	133.0	0.0	-304.0	-4.0	109.0
154.0	154.0	0.0	668.0	224.0	0.0	-514.0	-70.0	0.0
0.0	0.0	0.0	398.0	128.0	0.0	-398.0	-128.0	0.0
81.0	81.0	0.0	448.0	330.0	0.0	-367.0	-249.0	0.0
0.0	0.0	0.0	134.0	134.0	0.0	-134.0	-134.0	0.0
0.0	0.0	0.0	140.0	140.0	194.0	-140.0	-140.0	-194.0
131.0	131.0	0.0	639.0	351.0	0.0	-508.0	-220.0	0.0
210.0	210.0	0.0	128.0	128.0	0.0	82.0	82.0	0.0
383.0	233.0	0.0	627.0	231.0	0.0	-244.0	2.0	0.0
0.0	0.0	0.0	538.0	134.0	0.0	-538.0	-134.0	0.0
0.0	0.0	0.0	92.0	92.0	0.0	-92.0	-92.0	0.0
0.0	0.0	0.0	0.0	0.0	0.0	0.0	0.0	0.0
149.0	149.0	0.0	536.0	118.0	0.0	-387.0	31.0	0.0
0.0	0.0	0.0	336.0	128.0	0.0	-336.0	-128.0	0.0
150.0	150.0	0.0	863.0	132.0	0.0	-713.0	18.0	0.0
454.0	145.0	0.0	438.0	112.0	0.0	16.0	33.0	0.0
272.0	272.0	0.0	544.0	224.0	0.0	-272.0	48.0	0.0
0.0	0.0	0.0	236.0	118.0	0.0	-236.0	-118.0	0.0
243.0	243.0	0.0	457.0	162.0	0.0	-214.0	81.0	0.0
0.0	0.0	0.0	0.0	0.0	0.0	0.0	0.0	0.0
150.0	150.0	105.0	388.0	90.0	0.0	-238.0	60.0	105.0
233.0	89.0	0.0	481.0	90.0	0.0	-248.0	-1.0	0.0
0.0	0.0	0.0	90.0	90.0	0.0	-90.0	-90.0	0.0
283.0	129.0	0.0	439.0	118.0	0.0	-156.0	11.0	0.0
585.0	342.0	0.0	512.0	112.0	0.0	73.0	230.0	0.0
0.0	0.0	0.0	362.0	118.0	0.0	-362.0	-118.0	0.0
0.0	0.0	0.0	508.0	112.0	0.0	-508.0	-112.0	0.0
129.0	129.0	303.0	323.0	90.0	0.0	-194.0	39.0	303.0
318.0	318.0	255.0	112.0	112.0	255.0	206.0	206.0	0.0
513.0	289.0	0.0	1293.0	807.0	0.0	-780.0	-518.0	0.0
189.0	189.0	416.0	519.0	132.0	0.0	-330.0	57.0	416.0
0.0	0.0	0.0	226.0	112.0	0.0	-226.0	-112.0	0.0
234.0	85.0	0.0	0.0	0.0	0.0	234.0	85.0	0.0
0.0	0.0	0.0	728.0	178.0	0.0	-728.0	-178.0	0.0
318.0	189.0	85.0	877.0	130.0	0.0	-559.0	59.0	85.0
0.0	0.0	0.0	614.0	176.0	0.0	-614.0	-176.0	0.0
613.0	109.0	0.0	535.0	90.0	0.0	78.0	19.0	0.0
819.0	654.0	0.0	496.0	128.0	0.0	323.0	526.0	0.0
0.0	0.0	0.0	497.0	112.0	0.0	-497.0	-112.0	0.0
283.0	129.0	0.0	655.0	133.0	0.0	-372.0	-4.0	0.0
198.0	89.0	0.0	553.0	118.0	0.0	-355.0	-29.0	0.0
0.0	0.0	0.0	560.0	154.0	0.0	-560.0	-154.0	0.0
0.0	0.0	0.0	98.0	98.0	339.0	-98.0	-98.0	-339.0
345.0	129.0	0.0	773.0	133.0	0.0	-428.0	-4.0	0.0
131.0	131.0	194.0	132.0	132.0	0.0	-1.0	-1.0	194.0
325.0	175.0	0.0	687.0	224.0	0.0	-362.0	-49.0	0.0
129.0	129.0	0.0	384.0	138.0	0.0	-255.0	-9.0	0.0
0.0	0.0	0.0	368.0	118.0	0.0	-368.0	-118.0	0.0
129.0	129.0	0.0	810.0	173.0	0.0	-681.0	-44.0	0.0
381.0	85.0	0.0	427.0	309.0	0.0	-46.0	-224.0	0.0
431.0	296.0	0.0	130.0	130.0	0.0	301.0	166.0	0.0
393.0	150.0	114.0	821.0	263.0	0.0	-428.0	-113.0	114.0
157.0	157.0	0.0	601.0	207.0	0.0	-444.0	-50.0	0.0
239.0	150.0	0.0	838.0	162.0	0.0	-599.0	-12.0	0.0
264.0	264.0	85.0	128.0	128.0	0.0	136.0	136.0	85.0
300.0	150.0	0.0	236.0	118.0	150.0	64.0	32.0	-150.0
0.0	0.0	0.0	510.0	118.0	0.0	-510.0	-118.0	0.0
169.0	169.0	114.0	757.0	334.0	0.0	-588.0	-165.0	114.0
794.0	233.0	0.0	351.0	223.0	0.0	443.0	10.0	0.0
148.0	148.0	0.0	134.0	134.0	0.0	14.0	14.0	0.0
194.0	194.0	0.0	364.0	118.0	194.0	-170.0	76.0	-194.0
309.0	152.0	85.0	569.0	178.0	0.0	-260.0	-26.0	85.0
169.0	169.0	313.0	292.0	112.0	0.0	-123.0	57.0	313.0
243.0	243.0	0.0	258.0	118.0	0.0	-15.0	125.0	0.0
525.0	129.0	0.0	679.0	153.0	0.0	-154.0	-24.0	0.0
0.0	0.0	0.0	220.0	130.0	0.0	-220.0	-130.0	0.0
154.0	154.0	194.0	308.0	128.0	0.0	-154.0	26.0	194.0
0.0	0.0	0.0	454.0	156.0	0.0	-454.0	-156.0	0.0
0.0	0.0	0.0	496.0	132.0	0.0	-496.0	-132.0	0.0
289.0	289.0	303.0	132.0	132.0	0.0	157.0	157.0	303.0
355.0	355.0	0.0	678.0	162.0	0.0	-323.0	193.0	0.0
200.0	200.0	297.0	456.0	178.0	0.0	-256.0	22.0	297.0
210.0	210.0	0.0	570.0	128.0	0.0	-360.0	82.0	0.0
439.0	196.0	0.0	576.0	118.0	0.0	-137.0	78.0	0.0
0.0	0.0	0.0	128.0	128.0	386.0	-128.0	-128.0	-386.0
0.0	0.0	0.0	522.0	112.0	0.0	-522.0	-112.0	0.0
0.0	0.0	0.0	322.0	210.0	0.0	-322.0	-210.0	0.0
194.0	194.0	85.0	292.0	158.0	0.0	-98.0	36.0	85.0
0.0	0.0	0.0	527.0	132.0	0.0	-527.0	-132.0	0.0
676.0	114.0	0.0	682.0	276.0	0.0	-6.0	-162.0	0.0
0.0	0.0	0.0	446.0	195.0	120.0	-446.0	-195.0	-120.0
207.0	207.0	0.0	396.0	118.0	0.0	-189.0	89.0	0.0
243.0	243.0	0.0	620.0	118.0	0.0	-377.0	125.0	0.0
656.0	233.0	0.0	502.0	118.0	0.0	154.0	115.0	0.0
0.0	0.0	0.0	0.0	0.0	0.0	0.0	0.0	0.0
154.0	154.0	65.0	0.0	0.0	0.0	154.0	154.0	65.0
209.0	209.0	0.0	338.0	178.0	0.0	-129.0	31.0	0.0
0.0	0.0	0.0	456.0	220.0	0.0	-456.0	-220.0	0.0
0.0	0.0	0.0	265.0	132.0	0.0	-265.0	-132.0	0.0
0.0	0.0	0.0	269.0	151.0	85.0	-269.0	-151.0	-85.0
69.0	69.0	0.0	118.0	118.0	0.0	-49.0	-49.0	0.0
444.0	294.0	0.0	0.0	0.0	0.0	444.0	294.0	0.0
0.0	0.0	0.0	472.0	132.0	0.0	-472.0	-132.0	0.0
0.0	0.0	0.0	0.0	0.0	0.0	0.0	0.0	0.0
0.0	0.0	0.0	456.0	160.0	0.0	-456.0	-160.0	0.0
230.0	145.0	0.0	656.0	180.0	104.0	-426.0	-35.0	-104.0
129.0	129.0	165.0	358.0	178.0	0.0	-229.0	-49.0	165.0
378.0	189.0	0.0	536.0	134.0	0.0	-158.0	55.0	0.0
459.0	250.0	0.0	516.0	180.0	0.0	-57.0	70.0	0.0
355.0	226.0	0.0	598.0	230.0	0.0	-243.0	-4.0	0.0
169.0	169.0	109.0	587.0	223.0	0.0	-418.0	-54.0	109.0
207.0	207.0	0.0	657.0	309.0	0.0	-450.0	-102.0	0.0
210.0	210.0	0.0	632.0	162.0	0.0	-422.0	48.0	0.0
169.0	169.0	0.0	378.0	118.0	0.0	-209.0	51.0	0.0
125.0	125.0	273.0	597.0	128.0	0.0	-472.0	-3.0	273.0
129.0	129.0	0.0	222.0	132.0	0.0	-93.0	-3.0	0.0
0.0	0.0	0.0	768.0	140.0	0.0	-768.0	-140.0	0.0
0.0	0.0	0.0	712.0	118.0	0.0	-712.0	-118.0	0.0
169.0	169.0	0.0	806.0	173.0	0.0	-637.0	-4.0	0.0
220.0	220.0	0.0	578.0	198.0	0.0	-358.0	22.0	0.0
387.0	258.0	85.0	527.0	277.0	85.0	-140.0	-19.0	0.0
543.0	414.0	0.0	998.0	397.0	0.0	-455.0	17.0	0.0
257.0	109.0	0.0	260.0	173.0	0.0	-3.0	-64.0	0.0
350.0	200.0	0.0	727.0	278.0	0.0	-377.0	-78.0	0.0
530.0	312.0	0.0	889.0	158.0	0.0	-359.0	154.0	0.0
528.0	129.0	0.0	675.0	173.0	0.0	-147.0	-44.0	0.0
665.0	455.0	0.0	118.0	118.0	0.0	547.0	337.0	0.0
281.0	129.0	0.0	673.0	173.0	0.0	-392.0	-44.0	0.0
196.0	196.0	184.0	679.0	289.0	0.0	-483.0	-93.0	184.0
299.0	149.0	0.0	291.0	113.0	0.0	8.0	36.0	0.0
0.0	0.0	0.0	524.0	130.0	0.0	-524.0	-130.0	0.0
210.0	210.0	0.0	208.0	118.0	210.0	2.0	92.0	-210.0
258.0	129.0	109.0	429.0	231.0	0.0	-171.0	-102.0	109.0
225.0	225.0	0.0	364.0	246.0	0.0	-139.0	-21.0	0.0
109.0	109.0	382.0	470.0	132.0	0.0	-361.0	-23.0	382.0
318.0	318.0	170.0	0.0	0.0	0.0	318.0	318.0	170.0
165.0	165.0	303.0	494.0	176.0	85.0	-329.0	-11.0	218.0
0.0	0.0	0.0	336.0	90.0	0.0	-336.0	-90.0	0.0
983.0	542.0	0.0	475.0	42.0	0.0	508.0	500.0	0.0
0.0	0.0	0.0	432.0	134.0	0.0	-432.0	-134.0	0.0
216.0	216.0	0.0	450.0	220.0	85.0	-234.0	-4.0	-85.0
654.0	654.0	0.0	156.0	156.0	763.0	498.0	498.0	-763.0
300.0	131.0	0.0	759.0	351.0	0.0	-459.0	-220.0	0.0
701.0	207.0	0.0	768.0	118.0	0.0	-67.0	89.0	0.0
0.0	0.0	0.0	112.0	112.0	0.0	-112.0	-112.0	0.0
0.0	0.0	0.0	208.0	118.0	0.0	-208.0	-118.0	0.0
0.0	0.0	0.0	276.0	118.0	190.0	-276.0	-118.0	-190.0
0.0	0.0	0.0	434.0	156.0	0.0	-434.0	-156.0	0.0
429.0	279.0	0.0	668.0	133.0	0.0	-239.0	146.0	0.0
0.0	0.0	0.0	466.0	118.0	0.0	-466.0	-118.0	0.0
109.0	109.0	0.0	544.0	134.0	0.0	-435.0	-25.0	0.0
129.0	129.0	230.0	386.0	162.0	85.0	-257.0	-33.0	145.0
0.0	0.0	0.0	919.0	325.0	0.0	-919.0	-325.0	0.0
0.0	0.0	0.0	454.0	112.0	0.0	-454.0	-112.0	0.0
0.0	0.0	0.0	118.0	118.0	85.0	-118.0	-118.0	-85.0
150.0	150.0	0.0	377.0	64.0	0.0	-227.0	86.0	0.0
0.0	0.0	0.0	0.0	0.0	0.0	0.0	0.0	0.0
645.0	342.0	0.0	1155.0	173.0	0.0	-510.0	169.0	0.0
0.0	0.0	0.0	808.0	118.0	0.0	-808.0	-118.0	0.0
0.0	0.0	0.0	500.0	132.0	0.0	-500.0	-132.0	0.0
0.0	0.0	0.0	632.0	246.0	0.0	-632.0	-246.0	0.0
339.0	129.0	85.0	461.0	141.0	0.0	-122.0	-12.0	85.0
69.0	69.0	0.0	472.0	118.0	0.0	-403.0	-49.0	0.0
455.0	455.0	0.0	208.0	90.0	0.0	247.0	365.0	0.0
0.0	0.0	0.0	308.0	128.0	199.0	-308.0	-128.0	-199.0
0.0	0.0	0.0	138.0	138.0	0.0	-138.0	-138.0	0.0
0.0	0.0	0.0	557.0	128.0	0.0	-557.0	-128.0	0.0
129.0	129.0	234.0	423.0	132.0	0.0	-294.0	-3.0	234.0
625.0	253.0	0.0	615.0	133.0	0.0	10.0	120.0	0.0
0.0	0.0	0.0	156.0	156.0	0.0	-156.0	-156.0	0.0
0.0	0.0	0.0	236.0	118.0	170.0	-236.0	-118.0	-170.0
0.0	0.0	0.0	656.0	198.0	0.0	-656.0	-198.0	0.0
0.0	0.0	0.0	235.0	235.0	0.0	-235.0	-235.0	0.0
0.0	0.0	0.0	118.0	118.0	0.0	-118.0	-118.0	0.0
623.0	150.0	0.0	921.0	133.0	0.0	-298.0	17.0	0.0
294.0	129.0	0.0	385.0	133.0	0.0	-91.0	-4.0	0.0
570.0	312.0	85.0	924.0	128.0	0.0	-354.0	184.0	85.0
129.0	129.0	0.0	517.0	233.0	129.0	-388.0	-104.0	-129.0
150.0	150.0	0.0	675.0	173.0	0.0	-525.0	-23.0	0.0
766.0	352.0	170.0	600.0	118.0	0.0	166.0	234.0	170.0
0.0	0.0	0.0	482.0	118.0	0.0	-482.0	-118.0	0.0
129.0	129.0	294.0	652.0	128.0	0.0	-523.0	1.0	294.0
0.0	0.0	0.0	692.0	180.0	0.0	-692.0	-180.0	0.0
489.0	243.0	0.0	572.0	118.0	0.0	-83.0	125.0	0.0
301.0	301.0	0.0	354.0	118.0	0.0	-53.0	183.0	0.0
210.0	210.0	120.0	507.0	173.0	0.0	-297.0	37.0	120.0
243.0	243.0	0.0	740.0	118.0	0.0	-497.0	125.0	0.0
125.0	125.0	0.0	660.0	118.0	0.0	-535.0	7.0	0.0
335.0	335.0	0.0	582.0	202.0	0.0	-247.0	133.0	0.0
243.0	243.0	109.0	624.0	118.0	0.0	-381.0	125.0	109.0
220.0	220.0	0.0	496.0	160.0	0.0	-276.0	60.0	0.0
0.0	0.0	0.0	118.0	118.0	0.0	-118.0	-118.0	0.0
167.0	167.0	379.0	470.0	246.0	0.0	-303.0	-79.0	379.0
368.0	169.0	0.0	734.0	173.0	0.0	-366.0	-4.0	0.0
360.0	210.0	0.0	681.0	206.0	0.0	-321.0	4.0	0.0
154.0	154.0	339.0	518.0	90.0	0.0	-364.0	64.0	339.0
130.0	130.0	294.0	425.0	112.0	0.0	-295.0	18.0	294.0
0.0	0.0	0.0	260.0	132.0	120.0	-260.0	-132.0	-120.0
150.0	150.0	0.0	344.0	133.0	0.0	-194.0	17.0	0.0
210.0	210.0	0.0	482.0	128.0	0.0	-272.0	82.0	0.0
129.0	129.0	0.0	630.0	128.0	0.0	-501.0	1.0	0.0
0.0	0.0	0.0	236.0	118.0	0.0	-236.0	-118.0	0.0
451.0	312.0	0.0	814.0	158.0	0.0	-363.0	154.0	0.0
0.0	0.0	0.0	348.0	112.0	0.0	-348.0	-112.0	0.0
278.0	109.0	0.0	521.0	133.0	0.0	-243.0	-24.0	0.0
169.0	169.0	0.0	720.0	223.0	0.0	-551.0	-54.0	0.0
472.0	169.0	0.0	632.0	118.0	0.0	-160.0	51.0	0.0
283.0	129.0	0.0	385.0	133.0	0.0	-102.0	-4.0	0.0
0.0	0.0	0.0	354.0	118.0	0.0	-354.0	-118.0	0.0
0.0	0.0	0.0	500.0	132.0	0.0	-500.0	-132.0	0.0
0.0	0.0	0.0	208.0	90.0	85.0	-208.0	-90.0	-85.0
0.0	0.0	0.0	144.0	144.0	170.0	-144.0	-144.0	-170.0
0.0	0.0	0.0	519.0	128.0	0.0	-519.0	-128.0	0.0
240.0	131.0	0.0	821.0	351.0	0.0	-581.0	-220.0	0.0
0.0	0.0	0.0	452.0	132.0	0.0	-452.0	-132.0	0.0
150.0	150.0	210.0	538.0	200.0	0.0	-388.0	-50.0	210.0
169.0	169.0	0.0	673.0	134.0	0.0	-504.0	35.0	0.0
316.0	169.0	0.0	671.0	133.0	0.0	-355.0	36.0	0.0
358.0	209.0	0.0	589.0	135.0	0.0	-231.0	74.0	0.0
274.0	143.0	0.0	363.0	133.0	0.0	-89.0	10.0	0.0
210.0	210.0	194.0	556.0	118.0	0.0	-346.0	92.0	194.0
150.0	150.0	0.0	566.0	210.0	0.0	-416.0	-60.0	0.0
544.0	544.0	0.0	0.0	0.0	0.0	544.0	544.0	0.0
557.0	169.0	0.0	349.0	42.0	0.0	208.0	127.0	0.0
0.0	0.0	0.0	347.0	112.0	192.0	-347.0	-112.0	-192.0
0.0	0.0	0.0	354.0	118.0	0.0	-354.0	-118.0	0.0
0.0	0.0	0.0	500.0	132.0	0.0	-500.0	-132.0	0.0
250.0	250.0	0.0	624.0	158.0	0.0	-374.0	92.0	0.0
0.0	0.0	0.0	486.0	132.0	0.0	-486.0	-132.0	0.0
0.0	0.0	0.0	751.0	397.0	0.0	-751.0	-397.0	0.0
0.0	0.0	0.0	626.0	112.0	0.0	-626.0	-112.0	0.0
0.0	0.0	0.0	464.0	118.0	0.0	-464.0	-118.0	0.0
0.0	0.0	0.0	276.0	118.0	0.0	-276.0	-118.0	0.0
0.0	0.0	0.0	586.0	178.0	0.0	-586.0	-178.0	0.0
459.0	459.0	0.0	462.0	329.0	0.0	-3.0	130.0	0.0
283.0	129.0	0.0	499.0	133.0	0.0	-216.0	-4.0	0.0
0.0	0.0	0.0	576.0	118.0	0.0	-576.0	-118.0	0.0
0.0	0.0	0.0	0.0	0.0	0.0	0.0	0.0	0.0
169.0	169.0	0.0	692.0	118.0	0.0	-523.0	51.0	0.0
468.0	150.0	0.0	133.0	133.0	259.0	335.0	17.0	-259.0
141.0	141.0	189.0	501.0	132.0	0.0	-360.0	9.0	189.0
0.0	0.0	0.0	542.0	90.0	0.0	-542.0	-90.0	0.0
0.0	0.0	0.0	388.0	144.0	0.0	-388.0	-144.0	0.0
0.0	0.0	0.0	423.0	132.0	0.0	-423.0	-132.0	0.0
0.0	0.0	0.0	636.0	112.0	0.0	-636.0	-112.0	0.0
0.0	0.0	0.0	452.0	112.0	0.0	-452.0	-112.0	0.0
0.0	0.0	0.0	530.0	210.0	0.0	-530.0	-210.0	0.0
510.0	169.0	0.0	912.0	180.0	0.0	-402.0	-11.0	0.0
540.0	129.0	0.0	862.0	173.0	0.0	-322.0	-44.0	0.0
492.0	150.0	0.0	0.0	0.0	150.0	492.0	150.0	-150.0
207.0	207.0	0.0	742.0	118.0	0.0	-535.0	89.0	0.0
286.0	129.0	0.0	576.0	133.0	0.0	-290.0	-4.0	0.0
390.0	243.0	0.0	452.0	118.0	0.0	-62.0	125.0	0.0
0.0	0.0	0.0	612.0	118.0	0.0	-612.0	-118.0	0.0
420.0	169.0	0.0	577.0	173.0	0.0	-157.0	-4.0	0.0
580.0	150.0	0.0	862.0	132.0	0.0	-282.0	18.0	0.0
0.0	0.0	0.0	270.0	180.0	0.0	-270.0	-180.0	0.0
569.0	150.0	109.0	763.0	133.0	0.0	-194.0	17.0	109.0
606.0	307.0	0.0	418.0	173.0	0.0	188.0	134.0	0.0
145.0	145.0	0.0	236.0	118.0	0.0	-91.0	27.0	0.0
109.0	109.0	0.0	0.0	0.0	194.0	109.0	109.0	-194.0
459.0	131.0	0.0	492.0	144.0	0.0	-33.0	-13.0	0.0
169.0	169.0	0.0	241.0	113.0	0.0	-72.0	56.0	0.0
0.0	0.0	0.0	514.0	118.0	0.0	-514.0	-118.0	0.0
0.0	0.0	0.0	296.0	92.0	85.0	-296.0	-92.0	-85.0
169.0	169.0	0.0	587.0	223.0	0.0	-418.0	-54.0	0.0
731.0	210.0	0.0	808.0	206.0	0.0	-77.0	4.0	0.0
0.0	0.0	0.0	472.0	118.0	0.0	-472.0	-118.0	0.0
266.0	157.0	0.0	419.0	128.0	0.0	-153.0	29.0	0.0
109.0	109.0	325.0	231.0	118.0	109.0	-122.0	-9.0	216.0
150.0	150.0	0.0	113.0	113.0	0.0	37.0	37.0	0.0
561.0	129.0	0.0	932.0	175.0	0.0	-371.0	-46.0	0.0
0.0	0.0	0.0	118.0	118.0	0.0	-118.0	-118.0	0.0
125.0	125.0	192.0	314.0	90.0	0.0	-189.0	35.0	192.0
0.0	0.0	0.0	274.0	140.0	0.0	-274.0	-140.0	0.0
0.0	0.0	0.0	208.0	90.0	0.0	-208.0	-90.0	0.0
439.0	310.0	0.0	582.0	139.0	0.0	-143.0	171.0	0.0
0.0	0.0	0.0	450.0	178.0	0.0	-450.0	-178.0	0.0
0.0	0.0	0.0	208.0	118.0	0.0	-208.0	-118.0	0.0
0.0	0.0	0.0	264.0	134.0	85.0	-264.0	-134.0	-85.0
0.0	0.0	0.0	534.0	222.0	0.0	-534.0	-222.0	0.0
0.0	0.0	0.0	782.0	246.0	0.0	-782.0	-246.0	0.0
189.0	189.0	0.0	178.0	178.0	359.0	11.0	11.0	-359.0
881.0	414.0	0.0	914.0	380.0	0.0	-33.0	34.0	0.0
129.0	129.0	0.0	510.0	128.0	0.0	-381.0	1.0	0.0
169.0	169.0	0.0	679.0	135.0	0.0	-510.0	34.0	0.0
352.0	243.0	0.0	459.0	130.0	0.0	-107.0	113.0	0.0
169.0	169.0	0.0	447.0	133.0	0.0	-278.0	36.0	0.0
0.0	0.0	0.0	320.0	112.0	0.0	-320.0	-112.0	0.0
0.0	0.0	0.0	132.0	132.0	170.0	-132.0	-132.0	-170.0
69.0	69.0	0.0	208.0	118.0	69.0	-139.0	-49.0	-69.0
0.0	0.0	0.0	236.0	118.0	0.0	-236.0	-118.0	0.0
0.0	0.0	0.0	112.0	112.0	194.0	-112.0	-112.0	-194.0
129.0	129.0	0.0	354.0	118.0	0.0	-225.0	11.0	0.0
429.0	131.0	0.0	1181.0	371.0	0.0	-752.0	-240.0	0.0
0.0	0.0	0.0	0.0	0.0	0.0	0.0	0.0	0.0
260.0	131.0	0.0	661.0	173.0	0.0	-401.0	-42.0	0.0
433.0	264.0	0.0	863.0	231.0	0.0	-430.0	33.0	0.0
501.0	243.0	0.0	603.0	128.0	0.0	-102.0	115.0	0.0
0.0	0.0	0.0	388.0	132.0	0.0	-388.0	-132.0	0.0
264.0	129.0	0.0	246.0	134.0	0.0	18.0	-5.0	0.0
318.0	129.0	0.0	623.0	50.0	0.0	-305.0	79.0	0.0
0.0	0.0	0.0	326.0	118.0	0.0	-326.0	-118.0	0.0
169.0	169.0	0.0	507.0	133.0	0.0	-338.0	36.0	0.0
595.0	466.0	0.0	915.0	458.0	0.0	-320.0	8.0	0.0
210.0	210.0	0.0	260.0	128.0	0.0	-50.0	82.0	0.0
109.0	109.0	0.0	471.0	135.0	0.0	-362.0	-26.0	0.0
0.0	0.0	0.0	720.0	176.0	0.0	-720.0	-176.0	0.0
326.0	326.0	0.0	456.0	118.0	0.0	-130.0	208.0	0.0
0.0	0.0	0.0	480.0	118.0	0.0	-480.0	-118.0	0.0
125.0	125.0	0.0	502.0	138.0	125.0	-377.0	-13.0	-125.0
169.0	169.0	0.0	488.0	118.0	0.0	-319.0	51.0	0.0
0.0	0.0	0.0	713.0	207.0	0.0	-713.0	-207.0	0.0
207.0	207.0	188.0	451.0	173.0	0.0	-244.0	34.0	188.0
109.0	109.0	85.0	575.0	128.0	0.0	-466.0	-19.0	85.0
210.0	210.0	0.0	320.0	112.0	0.0	-110.0	98.0	0.0
0.0	0.0	0.0	0.0	0.0	0.0	0.0	0.0	0.0
210.0	210.0	0.0	384.0	128.0	0.0	-174.0	82.0	0.0
0.0	0.0	0.0	482.0	118.0	0.0	-482.0	-118.0	0.0
657.0	129.0	0.0	451.0	206.0	0.0	206.0	-77.0	0.0
283.0	129.0	0.0	672.0	180.0	0.0	-389.0	-51.0	0.0
0.0	0.0	0.0	314.0	90.0	0.0	-314.0	-90.0	0.0
0.0	0.0	0.0	470.0	178.0	0.0	-470.0	-178.0	0.0
273.0	273.0	0.0	1027.0	704.0	0.0	-754.0	-431.0	0.0
0.0	0.0	0.0	274.0	182.0	0.0	-274.0	-182.0	0.0
0.0	0.0	0.0	256.0	128.0	0.0	-256.0	-128.0	0.0
0.0	0.0	0.0	230.0	112.0	0.0	-230.0	-112.0	0.0
307.0	150.0	0.0	719.0	118.0	0.0	-412.0	32.0	0.0
0.0	0.0	0.0	464.0	222.0	0.0	-464.0	-222.0	0.0
210.0	210.0	441.0	612.0	160.0	0.0	-402.0	50.0	441.0
109.0	109.0	105.0	434.0	301.0	0.0	-325.0	-192.0	105.0
210.0	210.0	0.0	654.0	112.0	0.0	-444.0	98.0	0.0
283.0	129.0	0.0	339.0	206.0	0.0	-56.0	-77.0	0.0
600.0	233.0	0.0	778.0	231.0	0.0	-178.0	2.0	0.0
0.0	0.0	0.0	274.0	156.0	0.0	-274.0	-156.0	0.0
0.0	0.0	0.0	246.0	128.0	85.0	-246.0	-128.0	-85.0
0.0	0.0	0.0	690.0	288.0	0.0	-690.0	-288.0	0.0
0.0	0.0	0.0	160.0	160.0	275.0	-160.0	-160.0	-275.0
304.0	169.0	0.0	616.0	112.0	0.0	-312.0	57.0	0.0
0.0	0.0	0.0	118.0	118.0	170.0	-118.0	-118.0	-170.0
210.0	210.0	0.0	118.0	118.0	0.0	92.0	92.0	0.0
698.0	169.0	0.0	476.0	179.0	0.0	222.0	-10.0	0.0
0.0	0.0	0.0	322.0	92.0	0.0	-322.0	-92.0	0.0
0.0	0.0	0.0	348.0	118.0	0.0	-348.0	-118.0	0.0
0.0	0.0	0.0	208.0	90.0	85.0	-208.0	-90.0	-85.0
0.0	0.0	0.0	444.0	118.0	0.0	-444.0	-118.0	0.0
153.0	153.0	0.0	466.0	118.0	0.0	-313.0	35.0	0.0
0.0	0.0	0.0	865.0	132.0	0.0	-865.0	-132.0	0.0
471.0	167.0	0.0	461.0	42.0	0.0	10.0	125.0	0.0
484.0	129.0	0.0	569.0	113.0	0.0	-85.0	16.0	0.0
317.0	148.0	0.0	651.0	230.0	0.0	-334.0	-82.0	0.0
189.0	189.0	0.0	408.0	112.0	0.0	-219.0	77.0	0.0
736.0	129.0	0.0	889.0	133.0	0.0	-153.0	-4.0	0.0
213.0	213.0	0.0	476.0	220.0	0.0	-263.0	-7.0	0.0
0.0	0.0	0.0	574.0	246.0	0.0	-574.0	-246.0	0.0
283.0	129.0	0.0	651.0	128.0	0.0	-368.0	1.0	0.0
243.0	243.0	0.0	454.0	202.0	0.0	-211.0	41.0	0.0
294.0	129.0	0.0	481.0	133.0	0.0	-187.0	-4.0	0.0
69.0	69.0	0.0	315.0	118.0	0.0	-246.0	-49.0	0.0
0.0	0.0	0.0	370.0	112.0	0.0	-370.0	-112.0	0.0
150.0	150.0	327.0	500.0	132.0	0.0	-350.0	18.0	327.0
0.0	0.0	0.0	0.0	0.0	0.0	0.0	0.0	0.0
150.0	150.0	0.0	425.0	133.0	0.0	-275.0	17.0	0.0
0.0	0.0	0.0	206.0	206.0	85.0	-206.0	-206.0	-85.0
0.0	0.0	0.0	250.0	118.0	0.0	-250.0	-118.0	0.0
304.0	150.0	0.0	818.0	133.0	0.0	-514.0	17.0	0.0
0.0	0.0	0.0	413.0	178.0	108.0	-413.0	-178.0	-108.0
283.0	150.0	0.0	328.0	177.0	85.0	-45.0	-27.0	-85.0
0.0	0.0	0.0	236.0	118.0	192.0	-236.0	-118.0	-192.0
109.0	109.0	0.0	574.0	144.0	0.0	-465.0	-35.0	0.0
0.0	0.0	0.0	228.0	228.0	85.0	-228.0	-228.0	-85.0
0.0	0.0	0.0	208.0	118.0	0.0	-208.0	-118.0	0.0
210.0	210.0	0.0	378.0	128.0	0.0	-168.0	82.0	0.0
0.0	0.0	0.0	482.0	118.0	0.0	-482.0	-118.0	0.0
458.0	131.0	0.0	602.0	351.0	0.0	-144.0	-220.0	0.0
0.0	0.0	0.0	717.0	118.0	0.0	-717.0	-118.0	0.0
0.0	0.0	0.0	228.0	228.0	255.0	-228.0	-228.0	-255.0
0.0	0.0	0.0	490.0	173.0	0.0	-490.0	-173.0	0.0
0.0	0.0	0.0	288.0	128.0	0.0	-288.0	-128.0	0.0
304.0	150.0	0.0	443.0	173.0	0.0	-139.0	-23.0	0.0
572.0	189.0	0.0	481.0	118.0	0.0	91.0	71.0	0.0
0.0	0.0	0.0	496.0	132.0	0.0	-496.0	-132.0	0.0
150.0	150.0	0.0	602.0	118.0	0.0	-452.0	32.0	0.0
150.0	150.0	0.0	819.0	173.0	0.0	-669.0	-23.0	0.0
169.0	169.0	0.0	244.0	132.0	0.0	-75.0	37.0	0.0
0.0	0.0	0.0	160.0	160.0	0.0	-160.0	-160.0	0.0
0.0	0.0	0.0	386.0	176.0	0.0	-386.0	-176.0	0.0
154.0	154.0	218.0	472.0	112.0	0.0	-318.0	42.0	218.0
0.0	0.0	0.0	118.0	118.0	194.0	-118.0	-118.0	-194.0
444.0	201.0	0.0	572.0	118.0	0.0	-128.0	83.0	0.0
243.0	243.0	194.0	542.0	246.0	0.0	-299.0	-3.0	194.0
243.0	243.0	0.0	578.0	118.0	0.0	-335.0	125.0	0.0
243.0	243.0	0.0	530.0	118.0	0.0	-287.0	125.0	0.0
300.0	131.0	0.0	524.0	351.0	0.0	-224.0	-220.0	0.0
304.0	150.0	0.0	493.0	133.0	0.0	-189.0	17.0	0.0
0.0	0.0	0.0	472.0	118.0	0.0	-472.0	-118.0	0.0
0.0	0.0	0.0	624.0	118.0	0.0	-624.0	-118.0	0.0
150.0	150.0	0.0	639.0	133.0	0.0	-489.0	17.0	0.0
465.0	269.0	0.0	522.0	176.0	0.0	-57.0	93.0	0.0
349.0	109.0	0.0	723.0	244.0	0.0	-374.0	-135.0	0.0
409.0	150.0	0.0	734.0	133.0	0.0	-325.0	17.0	0.0
214.0	214.0	0.0	482.0	118.0	0.0	-268.0	96.0	0.0
0.0	0.0	0.0	478.0	178.0	0.0	-478.0	-178.0	0.0
323.0	169.0	0.0	607.0	223.0	0.0	-284.0	-54.0	0.0
225.0	225.0	0.0	426.0	42.0	0.0	-201.0	183.0	0.0
109.0	109.0	303.0	132.0	132.0	0.0	-23.0	-23.0	303.0
109.0	109.0	85.0	0.0	0.0	0.0	109.0	109.0	85.0
0.0	0.0	0.0	354.0	118.0	0.0	-354.0	-118.0	0.0
0.0	0.0	0.0	0.0	0.0	0.0	0.0	0.0	0.0
510.0	131.0	0.0	841.0	144.0	0.0	-331.0	-13.0	0.0
150.0	150.0	0.0	446.0	118.0	0.0	-296.0	32.0	0.0
310.0	169.0	0.0	291.0	173.0	0.0	19.0	-4.0	0.0
0.0	0.0	0.0	0.0	0.0	0.0	0.0	0.0	0.0
238.0	118.0	0.0	443.0	153.0	0.0	-205.0	-35.0	0.0
0.0	0.0	0.0	258.0	118.0	109.0	-258.0	-118.0	-109.0
243.0	243.0	376.0	674.0	158.0	0.0	-431.0	85.0	376.0
433.0	226.0	0.0	662.0	118.0	0.0	-229.0	108.0	0.0
323.0	150.0	85.0	346.0	118.0	85.0	-23.0	32.0	0.0
239.0	150.0	0.0	549.0	223.0	0.0	-310.0	-73.0	0.0
339.0	189.0	0.0	260.0	173.0	65.0	79.0	16.0	-65.0
0.0	0.0	0.0	211.0	144.0	85.0	-211.0	-144.0	-85.0
271.0	271.0	0.0	378.0	42.0	0.0	-107.0	229.0	0.0
330.0	141.0	0.0	732.0	152.0	0.0	-402.0	-11.0	0.0
632.0	264.0	0.0	712.0	231.0	0.0	-80.0	33.0	0.0
165.0	165.0	0.0	236.0	118.0	0.0	-71.0	47.0	0.0
438.0	150.0	0.0	679.0	118.0	0.0	-241.0	32.0	0.0
0.0	0.0	0.0	230.0	118.0	0.0	-230.0	-118.0	0.0
210.0	210.0	0.0	438.0	90.0	0.0	-228.0	120.0	0.0
0.0	0.0	0.0	384.0	156.0	0.0	-384.0	-156.0	0.0
0.0	0.0	0.0	656.0	132.0	0.0	-656.0	-132.0	0.0
545.0	193.0	0.0	597.0	118.0	0.0	-52.0	75.0	0.0
0.0	0.0	0.0	226.0	98.0	0.0	-226.0	-98.0	0.0
129.0	129.0	109.0	416.0	153.0	0.0	-287.0	-24.0	109.0
269.0	269.0	85.0	542.0	112.0	0.0	-273.0	157.0	85.0
231.0	231.0	0.0	378.0	42.0	0.0	-147.0	189.0	0.0
492.0	243.0	120.0	725.0	231.0	0.0	-233.0	12.0	120.0
504.0	150.0	0.0	817.0	128.0	0.0	-313.0	22.0	0.0
89.0	89.0	321.0	220.0	130.0	0.0	-131.0	-41.0	321.0
512.0	243.0	0.0	787.0	133.0	0.0	-275.0	110.0	0.0
150.0	150.0	211.0	606.0	132.0	0.0	-456.0	18.0	211.0
169.0	169.0	0.0	553.0	173.0	0.0	-384.0	-4.0	0.0
0.0	0.0	0.0	112.0	112.0	85.0	-112.0	-112.0	-85.0
0.0	0.0	0.0	118.0	118.0	170.0	-118.0	-118.0	-170.0
0.0	0.0	0.0	300.0	300.0	0.0	-300.0	-300.0	0.0
0.0	0.0	0.0	334.0	178.0	0.0	-334.0	-178.0	0.0
0.0	0.0	0.0	482.0	156.0	0.0	-482.0	-156.0	0.0
129.0	129.0	303.0	486.0	132.0	0.0	-357.0	-3.0	303.0
0.0	0.0	0.0	298.0	90.0	0.0	-298.0	-90.0	0.0
129.0	129.0	0.0	361.0	133.0	129.0	-232.0	-4.0	-129.0
672.0	129.0	0.0	284.0	133.0	0.0	388.0	-4.0	0.0
0.0	0.0	0.0	268.0	112.0	0.0	-268.0	-112.0	0.0
129.0	129.0	65.0	416.0	128.0	0.0	-287.0	1.0	65.0
0.0	0.0	0.0	416.0	118.0	0.0	-416.0	-118.0	0.0
298.0	298.0	0.0	767.0	135.0	0.0	-469.0	163.0	0.0
210.0	210.0	0.0	388.0	132.0	0.0	-178.0	78.0	0.0
129.0	129.0	0.0	378.0	128.0	0.0	-249.0	1.0	0.0
0.0	0.0	0.0	510.0	156.0	0.0	-510.0	-156.0	0.0
0.0	0.0	0.0	231.0	113.0	109.0	-231.0	-113.0	-109.0
577.0	110.0	0.0	1125.0	135.0	0.0	-548.0	-25.0	0.0
304.0	195.0	0.0	491.0	118.0	0.0	-187.0	77.0	0.0
352.0	243.0	0.0	462.0	133.0	0.0	-110.0	110.0	0.0
243.0	243.0	0.0	528.0	118.0	0.0	-285.0	125.0	0.0
376.0	243.0	0.0	644.0	118.0	0.0	-268.0	125.0	0.0
0.0	0.0	0.0	450.0	182.0	0.0	-450.0	-182.0	0.0
169.0	169.0	0.0	291.0	173.0	109.0	-122.0	-4.0	-109.0
383.0	169.0	0.0	776.0	200.0	0.0	-393.0	-31.0	0.0
413.0	131.0	0.0	875.0	173.0	0.0	-462.0	-42.0	0.0
0.0	0.0	0.0	118.0	118.0	0.0	-118.0	-118.0	0.0
169.0	169.0	109.0	524.0	173.0	109.0	-355.0	-4.0	0.0
210.0	210.0	0.0	118.0	118.0	0.0	92.0	92.0	0.0
307.0	138.0	0.0	291.0	118.0	0.0	16.0	20.0	0.0
0.0	0.0	0.0	384.0	156.0	109.0	-384.0	-156.0	-109.0
322.0	169.0	0.0	409.0	133.0	0.0	-87.0	36.0	0.0
379.0	169.0	0.0	718.0	177.0	0.0	-339.0	-8.0	0.0
281.0	150.0	0.0	331.0	173.0	0.0	-50.0	-23.0	0.0
129.0	129.0	338.0	767.0	153.0	0.0	-638.0	-24.0	338.0
0.0	0.0	0.0	236.0	118.0	109.0	-236.0	-118.0	-109.0
246.0	246.0	0.0	566.0	42.0	0.0	-320.0	204.0	0.0
0.0	0.0	0.0	426.0	112.0	0.0	-426.0	-112.0	0.0
342.0	342.0	0.0	667.0	134.0	0.0	-325.0	208.0	0.0
0.0	0.0	0.0	298.0	118.0	0.0	-298.0	-118.0	0.0
363.0	243.0	0.0	488.0	118.0	0.0	-125.0	125.0	0.0
189.0	189.0	0.0	1076.0	563.0	0.0	-887.0	-374.0	0.0
0.0	0.0	0.0	530.0	176.0	0.0	-530.0	-176.0	0.0
105.0	105.0	315.0	300.0	162.0	0.0	-195.0	-57.0	315.0
125.0	125.0	85.0	514.0	112.0	0.0	-389.0	13.0	85.0
0.0	0.0	0.0	692.0	112.0	0.0	-692.0	-112.0	0.0
109.0	109.0	0.0	321.0	113.0	0.0	-212.0	-4.0	0.0
210.0	210.0	0.0	200.0	200.0	0.0	10.0	10.0	0.0
300.0	131.0	0.0	441.0	351.0	0.0	-141.0	-220.0	0.0
0.0	0.0	0.0	496.0	90.0	0.0	-496.0	-90.0	0.0
0.0	0.0	0.0	134.0	134.0	0.0	-134.0	-134.0	0.0
0.0	0.0	0.0	278.0	118.0	0.0	-278.0	-118.0	0.0
490.0	227.0	0.0	855.0	329.0	0.0	-365.0	-102.0	0.0
0.0	0.0	0.0	270.0	158.0	0.0	-270.0	-158.0	0.0
0.0	0.0	0.0	526.0	118.0	0.0	-526.0	-118.0	0.0
249.0	129.0	109.0	385.0	133.0	0.0	-136.0	-4.0	109.0
322.0	153.0	0.0	712.0	118.0	0.0	-390.0	35.0	0.0
196.0	196.0	0.0	500.0	178.0	0.0	-304.0	18.0	0.0
0.0	0.0	0.0	558.0	140.0	0.0	-558.0	-140.0	0.0
169.0	169.0	0.0	515.0	173.0	0.0	-346.0	-4.0	0.0
388.0	109.0	0.0	373.0	42.0	0.0	15.0	67.0	0.0
131.0	131.0	0.0	668.0	351.0	0.0	-537.0	-220.0	0.0
304.0	175.0	0.0	820.0	329.0	0.0	-516.0	-154.0	0.0
0.0	0.0	0.0	351.0	132.0	0.0	-351.0	-132.0	0.0
0.0	0.0	0.0	564.0	228.0	0.0	-564.0	-228.0	0.0
207.0	207.0	387.0	594.0	118.0	0.0	-387.0	89.0	387.0
512.0	233.0	0.0	660.0	231.0	0.0	-148.0	2.0	0.0
579.0	131.0	0.0	567.0	128.0	0.0	12.0	3.0	0.0
0.0	0.0	0.0	478.0	138.0	0.0	-478.0	-138.0	0.0
0.0	0.0	0.0	566.0	112.0	0.0	-566.0	-112.0	0.0
0.0	0.0	0.0	118.0	118.0	85.0	-118.0	-118.0	-85.0
169.0	169.0	0.0	561.0	133.0	0.0	-392.0	36.0	0.0
345.0	129.0	0.0	427.0	128.0	0.0	-82.0	1.0	0.0
0.0	0.0	0.0	0.0	0.0	0.0	0.0	0.0	0.0
0.0	0.0	0.0	246.0	128.0	0.0	-246.0	-128.0	0.0
366.0	150.0	0.0	432.0	133.0	0.0	-66.0	17.0	0.0
169.0	169.0	0.0	679.0	177.0	0.0	-510.0	-8.0	0.0
0.0	0.0	0.0	335.0	207.0	351.0	-335.0	-207.0	-351.0
150.0	150.0	0.0	814.0	173.0	0.0	-664.0	-23.0	0.0
283.0	129.0	0.0	677.0	133.0	0.0	-394.0	-4.0	0.0
1052.0	520.0	0.0	632.0	133.0	0.0	420.0	387.0	0.0
238.0	109.0	0.0	332.0	133.0	0.0	-94.0	-24.0	0.0
0.0	0.0	0.0	612.0	132.0	0.0	-612.0	-132.0	0.0
0.0	0.0	0.0	613.0	98.0	0.0	-613.0	-98.0	0.0
0.0	0.0	0.0	386.0	156.0	0.0	-386.0	-156.0	0.0
0.0	0.0	0.0	638.0	128.0	0.0	-638.0	-128.0	0.0
397.0	129.0	0.0	671.0	133.0	0.0	-274.0	-4.0	0.0
210.0	210.0	0.0	118.0	118.0	0.0	92.0	92.0	0.0
0.0	0.0	0.0	444.0	128.0	0.0	-444.0	-128.0	0.0
0.0	0.0	0.0	636.0	112.0	0.0	-636.0	-112.0	0.0
339.0	129.0	0.0	745.0	206.0	0.0	-406.0	-77.0	0.0
0.0	0.0	0.0	387.0	118.0	0.0	-387.0	-118.0	0.0
0.0	0.0	0.0	439.0	321.0	0.0	-439.0	-321.0	0.0
528.0	129.0	0.0	692.0	118.0	0.0	-164.0	11.0	0.0
963.0	210.0	0.0	396.0	118.0	0.0	567.0	92.0	0.0
0.0	0.0	0.0	0.0	0.0	0.0	0.0	0.0	0.0
220.0	220.0	0.0	594.0	230.0	0.0	-374.0	-10.0	0.0
129.0	129.0	0.0	529.0	153.0	0.0	-400.0	-24.0	0.0
150.0	150.0	114.0	561.0	145.0	0.0	-411.0	5.0	114.0
315.0	210.0	0.0	236.0	118.0	0.0	79.0	92.0	0.0
0.0	0.0	0.0	513.0	112.0	0.0	-513.0	-112.0	0.0
0.0	0.0	0.0	460.0	112.0	0.0	-460.0	-112.0	0.0
0.0	0.0	0.0	413.0	178.0	45.0	-413.0	-178.0	-45.0
0.0	0.0	0.0	672.0	156.0	0.0	-672.0	-156.0	0.0
0.0	0.0	0.0	228.0	228.0	194.0	-228.0	-228.0	-194.0
0.0	0.0	0.0	309.0	118.0	109.0	-309.0	-118.0	-109.0
210.0	210.0	0.0	306.0	128.0	210.0	-96.0	82.0	-210.0
294.0	165.0	0.0	307.0	173.0	0.0	-13.0	-8.0	0.0
0.0	0.0	0.0	118.0	118.0	85.0	-118.0	-118.0	-85.0
0.0	0.0	0.0	250.0	118.0	0.0	-250.0	-118.0	0.0
0.0	0.0	0.0	438.0	92.0	0.0	-438.0	-92.0	0.0
0.0	0.0	0.0	390.0	118.0	0.0	-390.0	-118.0	0.0
301.0	301.0	0.0	354.0	118.0	0.0	-53.0	183.0	0.0
323.0	169.0	0.0	479.0	177.0	0.0	-156.0	-8.0	0.0
0.0	0.0	0.0	372.0	132.0	0.0	-372.0	-132.0	0.0
150.0	150.0	0.0	354.0	118.0	0.0	-204.0	32.0	0.0
0.0	0.0	0.0	758.0	224.0	0.0	-758.0	-224.0	0.0
0.0	0.0	0.0	392.0	132.0	0.0	-392.0	-132.0	0.0
169.0	169.0	0.0	659.0	175.0	0.0	-490.0	-6.0	0.0
598.0	131.0	0.0	730.0	113.0	0.0	-132.0	18.0	0.0
0.0	0.0	0.0	236.0	118.0	0.0	-236.0	-118.0	0.0
0.0	0.0	0.0	230.0	118.0	0.0	-230.0	-118.0	0.0
0.0	0.0	0.0	132.0	132.0	0.0	-132.0	-132.0	0.0
0.0	0.0	0.0	235.0	235.0	194.0	-235.0	-235.0	-194.0
0.0	0.0	0.0	158.0	158.0	303.0	-158.0	-158.0	-303.0
0.0	0.0	0.0	90.0	90.0	194.0	-90.0	-90.0	-194.0
965.0	451.0	0.0	504.0	135.0	0.0	461.0	316.0	0.0
0.0	0.0	0.0	506.0	118.0	0.0	-506.0	-118.0	0.0
150.0	150.0	109.0	79.0	79.0	218.0	71.0	71.0	-109.0
0.0	0.0	0.0	466.0	230.0	0.0	-466.0	-230.0	0.0
129.0	129.0	109.0	429.0	221.0	0.0	-300.0	-92.0	109.0
303.0	150.0	0.0	613.0	351.0	0.0	-310.0	-201.0	0.0
358.0	169.0	0.0	937.0	341.0	0.0	-579.0	-172.0	0.0
375.0	157.0	0.0	705.0	221.0	0.0	-330.0	-64.0	0.0
0.0	0.0	0.0	264.0	132.0	0.0	-264.0	-132.0	0.0
360.0	210.0	0.0	818.0	206.0	0.0	-458.0	4.0	0.0
0.0	0.0	0.0	476.0	132.0	0.0	-476.0	-132.0	0.0
0.0	0.0	0.0	112.0	112.0	0.0	-112.0	-112.0	0.0
233.0	233.0	0.0	767.0	145.0	0.0	-534.0	88.0	0.0
230.0	141.0	0.0	546.0	145.0	0.0	-316.0	-4.0	0.0
275.0	125.0	108.0	683.0	202.0	0.0	-408.0	-77.0	108.0
0.0	0.0	0.0	604.0	132.0	0.0	-604.0	-132.0	0.0
0.0	0.0	0.0	626.0	132.0	0.0	-626.0	-132.0	0.0
210.0	210.0	0.0	584.0	206.0	0.0	-374.0	4.0	0.0
210.0	210.0	0.0	364.0	128.0	0.0	-154.0	82.0	0.0
210.0	210.0	0.0	620.0	118.0	0.0	-410.0	92.0	0.0
109.0	109.0	0.0	286.0	173.0	0.0	-177.0	-64.0	0.0
0.0	0.0	0.0	362.0	118.0	0.0	-362.0	-118.0	0.0
260.0	129.0	0.0	425.0	133.0	0.0	-165.0	-4.0	0.0
270.0	141.0	0.0	759.0	139.0	0.0	-489.0	2.0	0.0
0.0	0.0	0.0	672.0	206.0	0.0	-672.0	-206.0	0.0
0.0	0.0	0.0	256.0	138.0	170.0	-256.0	-138.0	-170.0
169.0	169.0	0.0	285.0	173.0	0.0	-116.0	-4.0	0.0
301.0	150.0	0.0	725.0	113.0	0.0	-424.0	37.0	0.0
301.0	150.0	0.0	529.0	133.0	0.0	-228.0	17.0	0.0
0.0	0.0	0.0	566.0	173.0	0.0	-566.0	-173.0	0.0
0.0	0.0	0.0	230.0	118.0	0.0	-230.0	-118.0	0.0
408.0	169.0	0.0	615.0	173.0	0.0	-207.0	-4.0	0.0
480.0	129.0	0.0	559.0	133.0	0.0	-79.0	-4.0	0.0
0.0	0.0	0.0	610.0	118.0	0.0	-610.0	-118.0	0.0
0.0	0.0	0.0	236.0	118.0	234.0	-236.0	-118.0	-234.0
210.0	210.0	0.0	416.0	118.0	0.0	-206.0	92.0	0.0
0.0	0.0	0.0	685.0	207.0	0.0	-685.0	-207.0	0.0
243.0	243.0	0.0	563.0	167.0	0.0	-320.0	76.0	0.0
0.0	0.0	0.0	246.0	118.0	85.0	-246.0	-118.0	-85.0
453.0	243.0	0.0	646.0	118.0	0.0	-193.0	125.0	0.0
0.0	0.0	0.0	936.0	124.0	0.0	-936.0	-124.0	0.0
0.0	0.0	0.0	204.0	92.0	0.0	-204.0	-92.0	0.0
0.0	0.0	0.0	476.0	112.0	0.0	-476.0	-112.0	0.0
210.0	210.0	0.0	392.0	146.0	0.0	-182.0	64.0	0.0
0.0	0.0	0.0	522.0	112.0	0.0	-522.0	-112.0	0.0
0.0	0.0	0.0	610.0	162.0	0.0	-610.0	-162.0	0.0
266.0	109.0	0.0	0.0	0.0	0.0	266.0	109.0	0.0
151.0	151.0	218.0	262.0	132.0	0.0	-111.0	19.0	218.0
150.0	150.0	298.0	208.0	90.0	0.0	-58.0	60.0	298.0
200.0	200.0	0.0	294.0	42.0	0.0	-94.0	158.0	0.0
0.0	0.0	0.0	236.0	118.0	0.0	-236.0	-118.0	0.0
143.0	143.0	0.0	612.0	64.0	0.0	-469.0	79.0	0.0
129.0	129.0	0.0	417.0	42.0	0.0	-288.0	87.0	0.0
716.0	370.0	0.0	251.0	133.0	479.0	465.0	237.0	-479.0
0.0	0.0	0.0	541.0	132.0	0.0	-541.0	-132.0	0.0
742.0	150.0	0.0	853.0	173.0	0.0	-111.0	-23.0	0.0
109.0	109.0	0.0	418.0	128.0	0.0	-309.0	-19.0	0.0
427.0	109.0	170.0	113.0	113.0	170.0	314.0	-4.0	0.0
304.0	150.0	0.0	529.0	173.0	0.0	-225.0	-23.0	0.0
0.0	0.0	0.0	274.0	146.0	0.0	-274.0	-146.0	0.0
194.0	194.0	0.0	482.0	112.0	0.0	-288.0	82.0	0.0
622.0	351.0	0.0	662.0	417.0	0.0	-40.0	-66.0	0.0
318.0	129.0	0.0	732.0	133.0	0.0	-414.0	-4.0	0.0
210.0	210.0	170.0	158.0	158.0	255.0	52.0	52.0	-85.0
286.0	129.0	170.0	507.0	221.0	0.0	-221.0	-92.0	170.0
0.0	0.0	0.0	423.0	173.0	109.0	-423.0	-173.0	-109.0
263.0	129.0	0.0	594.0	133.0	0.0	-331.0	-4.0	0.0
129.0	129.0	111.0	673.0	112.0	0.0	-544.0	17.0	111.0
273.0	129.0	169.0	384.0	180.0	0.0	-111.0	-51.0	169.0
0.0	0.0	0.0	296.0	178.0	0.0	-296.0	-178.0	0.0
227.0	227.0	0.0	426.0	118.0	0.0	-199.0	109.0	0.0
323.0	169.0	0.0	269.0	177.0	0.0	54.0	-8.0	0.0
0.0	0.0	0.0	0.0	0.0	0.0	0.0	0.0	0.0
342.0	342.0	0.0	349.0	349.0	0.0	-7.0	-7.0	0.0
358.0	169.0	0.0	842.0	173.0	0.0	-484.0	-4.0	0.0
621.0	303.0	0.0	830.0	118.0	0.0	-209.0	185.0	0.0
0.0	0.0	0.0	290.0	178.0	0.0	-290.0	-178.0	0.0
0.0	0.0	0.0	118.0	118.0	0.0	-118.0	-118.0	0.0
157.0	157.0	0.0	526.0	235.0	109.0	-369.0	-78.0	-109.0
189.0	189.0	0.0	294.0	156.0	85.0	-105.0	33.0	-85.0
343.0	154.0	85.0	470.0	178.0	0.0	-127.0	-24.0	85.0
0.0	0.0	0.0	314.0	112.0	0.0	-314.0	-112.0	0.0
315.0	150.0	0.0	746.0	113.0	0.0	-431.0	37.0	0.0
207.0	207.0	85.0	378.0	128.0	0.0	-171.0	79.0	85.0
0.0	0.0	0.0	274.0	162.0	194.0	-274.0	-162.0	-194.0
414.0	414.0	0.0	1047.0	397.0	0.0	-633.0	17.0	0.0
258.0	109.0	0.0	175.0	42.0	0.0	83.0	67.0	0.0
304.0	150.0	0.0	493.0	42.0	0.0	-189.0	108.0	0.0
503.0	150.0	0.0	717.0	231.0	0.0	-214.0	-81.0	0.0
210.0	210.0	0.0	820.0	173.0	0.0	-610.0	37.0	0.0
0.0	0.0	0.0	630.0	132.0	0.0	-630.0	-132.0	0.0
210.0	210.0	0.0	382.0	132.0	0.0	-172.0	78.0	0.0
232.0	232.0	0.0	772.0	162.0	0.0	-540.0	70.0	0.0
0.0	0.0	0.0	524.0	351.0	0.0	-524.0	-351.0	0.0
129.0	129.0	0.0	543.0	133.0	0.0	-414.0	-4.0	0.0
131.0	131.0	0.0	113.0	113.0	131.0	18.0	18.0	-131.0
293.0	150.0	0.0	385.0	157.0	0.0	-92.0	-7.0	0.0
454.0	109.0	0.0	605.0	173.0	0.0	-151.0	-64.0	0.0
210.0	210.0	0.0	632.0	132.0	0.0	-422.0	78.0	0.0
243.0	243.0	0.0	810.0	112.0	0.0	-567.0	131.0	0.0
210.0	210.0	0.0	690.0	206.0	0.0	-480.0	4.0	0.0
238.0	129.0	0.0	529.0	118.0	0.0	-291.0	11.0	0.0
380.0	150.0	175.0	966.0	132.0	0.0	-586.0	18.0	175.0
246.0	246.0	0.0	368.0	132.0	0.0	-122.0	114.0	0.0
129.0	129.0	145.0	426.0	224.0	0.0	-297.0	-95.0	145.0
0.0	0.0	0.0	182.0	182.0	109.0	-182.0	-182.0	-109.0
150.0	150.0	0.0	459.0	173.0	0.0	-309.0	-23.0	0.0
169.0	169.0	0.0	801.0	118.0	0.0	-632.0	51.0	0.0
493.0	129.0	0.0	868.0	173.0	0.0	-375.0	-44.0	0.0
0.0	0.0	0.0	296.0	158.0	218.0	-296.0	-158.0	-218.0
339.0	150.0	0.0	465.0	173.0	0.0	-126.0	-23.0	0.0
0.0	0.0	0.0	263.0	173.0	0.0	-263.0	-173.0	0.0
0.0	0.0	0.0	258.0	118.0	170.0	-258.0	-118.0	-170.0
0.0	0.0	0.0	0.0	0.0	0.0	0.0	0.0	0.0
129.0	129.0	0.0	447.0	133.0	0.0	-318.0	-4.0	0.0
432.0	169.0	0.0	694.0	180.0	0.0	-262.0	-11.0	0.0
693.0	175.0	0.0	866.0	189.0	0.0	-173.0	-14.0	0.0
210.0	210.0	0.0	118.0	118.0	0.0	92.0	92.0	0.0
540.0	129.0	0.0	828.0	133.0	0.0	-288.0	-4.0	0.0
154.0	154.0	213.0	456.0	132.0	0.0	-302.0	22.0	213.0
345.0	129.0	0.0	251.0	113.0	0.0	94.0	16.0	0.0
210.0	210.0	0.0	466.0	206.0	0.0	-256.0	4.0	0.0
0.0	0.0	0.0	361.0	133.0	0.0	-361.0	-133.0	0.0
0.0	0.0	0.0	364.0	118.0	0.0	-364.0	-118.0	0.0
278.0	129.0	0.0	643.0	133.0	0.0	-365.0	-4.0	0.0
210.0	210.0	0.0	452.0	206.0	0.0	-242.0	4.0	0.0
129.0	129.0	0.0	133.0	133.0	0.0	-4.0	-4.0	0.0
210.0	210.0	357.0	632.0	118.0	0.0	-422.0	92.0	357.0
129.0	129.0	348.0	858.0	231.0	0.0	-729.0	-102.0	348.0
0.0	0.0	0.0	158.0	158.0	85.0	-158.0	-158.0	-85.0
563.0	394.0	0.0	797.0	132.0	0.0	-234.0	262.0	0.0
286.0	129.0	0.0	625.0	133.0	0.0	-339.0	-4.0	0.0
157.0	157.0	0.0	471.0	118.0	0.0	-314.0	39.0	0.0
358.0	169.0	0.0	612.0	223.0	0.0	-254.0	-54.0	0.0
0.0	0.0	0.0	466.0	118.0	0.0	-466.0	-118.0	0.0
531.0	189.0	0.0	939.0	173.0	0.0	-408.0	16.0	0.0
0.0	0.0	0.0	726.0	178.0	0.0	-726.0	-178.0	0.0
477.0	131.0	0.0	750.0	175.0	131.0	-273.0	-44.0	-131.0
336.0	129.0	0.0	683.0	113.0	0.0	-347.0	16.0	0.0
303.0	149.0	0.0	355.0	177.0	0.0	-52.0	-28.0	0.0
0.0	0.0	0.0	464.0	118.0	109.0	-464.0	-118.0	-109.0
150.0	150.0	109.0	471.0	128.0	0.0	-321.0	22.0	109.0
129.0	129.0	0.0	613.0	118.0	0.0	-484.0	11.0	0.0
360.0	150.0	0.0	765.0	173.0	0.0	-405.0	-23.0	0.0
129.0	129.0	0.0	288.0	128.0	0.0	-159.0	1.0	0.0
270.0	129.0	0.0	402.0	133.0	0.0	-132.0	-4.0	0.0
243.0	243.0	399.0	478.0	132.0	0.0	-235.0	111.0	399.0
276.0	129.0	0.0	465.0	332.0	0.0	-189.0	-203.0	0.0
270.0	129.0	0.0	917.0	133.0	0.0	-647.0	-4.0	0.0
0.0	0.0	0.0	592.0	132.0	0.0	-592.0	-132.0	0.0
501.0	165.0	0.0	653.0	158.0	0.0	-152.0	7.0	0.0
444.0	129.0	0.0	690.0	113.0	0.0	-246.0	16.0	0.0
586.0	312.0	0.0	701.0	133.0	0.0	-115.0	179.0	0.0
472.0	129.0	0.0	770.0	223.0	0.0	-298.0	-94.0	0.0
689.0	186.0	0.0	733.0	133.0	0.0	-44.0	53.0	0.0
0.0	0.0	0.0	0.0	0.0	0.0	0.0	0.0	0.0
762.0	150.0	0.0	566.0	128.0	0.0	196.0	22.0	0.0
129.0	129.0	0.0	393.0	118.0	0.0	-264.0	11.0	0.0
0.0	0.0	0.0	583.0	112.0	0.0	-583.0	-112.0	0.0
129.0	129.0	217.0	348.0	118.0	0.0	-219.0	11.0	217.0
196.0	196.0	0.0	471.0	337.0	0.0	-275.0	-141.0	0.0
322.0	169.0	85.0	333.0	175.0	85.0	-11.0	-6.0	0.0
334.0	169.0	0.0	569.0	173.0	0.0	-235.0	-4.0	0.0
389.0	157.0	0.0	369.0	134.0	0.0	20.0	23.0	0.0
0.0	0.0	0.0	581.0	133.0	0.0	-581.0	-133.0	0.0
379.0	169.0	0.0	635.0	177.0	0.0	-256.0	-8.0	0.0
131.0	131.0	0.0	351.0	351.0	0.0	-220.0	-220.0	0.0
243.0	243.0	0.0	434.0	118.0	0.0	-191.0	125.0	0.0
517.0	150.0	0.0	886.0	133.0	0.0	-369.0	17.0	0.0
281.0	129.0	0.0	523.0	177.0	0.0	-242.0	-48.0	0.0
354.0	354.0	0.0	400.0	192.0	0.0	-46.0	162.0	0.0
0.0	0.0	0.0	118.0	118.0	192.0	-118.0	-118.0	-192.0
0.0	0.0	0.0	118.0	118.0	0.0	-118.0	-118.0	0.0
554.0	169.0	0.0	907.0	133.0	0.0	-353.0	36.0	0.0
0.0	0.0	0.0	472.0	118.0	0.0	-472.0	-118.0	0.0
157.0	157.0	109.0	604.0	128.0	0.0	-447.0	29.0	109.0
210.0	210.0	0.0	590.0	206.0	0.0	-380.0	4.0	0.0
801.0	129.0	0.0	586.0	135.0	0.0	215.0	-6.0	0.0
109.0	109.0	85.0	369.0	118.0	85.0	-260.0	-9.0	0.0
294.0	129.0	0.0	569.0	133.0	0.0	-275.0	-4.0	0.0
109.0	109.0	0.0	479.0	130.0	0.0	-370.0	-21.0	0.0
444.0	110.0	0.0	724.0	133.0	0.0	-280.0	-23.0	0.0
0.0	0.0	0.0	484.0	118.0	0.0	-484.0	-118.0	0.0
294.0	169.0	0.0	641.0	177.0	0.0	-347.0	-8.0	0.0
255.0	255.0	0.0	481.0	90.0	0.0	-226.0	165.0	0.0
420.0	109.0	0.0	773.0	133.0	0.0	-353.0	-24.0	0.0
109.0	109.0	85.0	459.0	113.0	85.0	-350.0	-4.0	0.0
318.0	318.0	327.0	446.0	132.0	0.0	-128.0	186.0	327.0
69.0	69.0	0.0	444.0	118.0	0.0	-375.0	-49.0	0.0
259.0	109.0	0.0	519.0	133.0	0.0	-260.0	-24.0	0.0
0.0	0.0	0.0	382.0	132.0	0.0	-382.0	-132.0	0.0
395.0	110.0	0.0	571.0	162.0	0.0	-176.0	-52.0	0.0
0.0	0.0	0.0	518.0	178.0	0.0	-518.0	-178.0	0.0
252.0	252.0	0.0	544.0	180.0	0.0	-292.0	72.0	0.0
618.0	282.0	0.0	118.0	118.0	282.0	500.0	164.0	-282.0
0.0	0.0	0.0	438.0	92.0	0.0	-438.0	-92.0	0.0
0.0	0.0	0.0	489.0	130.0	0.0	-489.0	-130.0	0.0
800.0	249.0	0.0	733.0	365.0	0.0	67.0	-116.0	0.0
309.0	169.0	0.0	643.0	177.0	0.0	-334.0	-8.0	0.0
0.0	0.0	0.0	560.0	132.0	0.0	-560.0	-132.0	0.0
308.0	131.0	0.0	719.0	351.0	0.0	-411.0	-220.0	0.0
220.0	220.0	0.0	320.0	202.0	0.0	-100.0	18.0	0.0
200.0	200.0	0.0	704.0	278.0	0.0	-504.0	-78.0	0.0
0.0	0.0	0.0	230.0	118.0	0.0	-230.0	-118.0	0.0
0.0	0.0	0.0	481.0	156.0	0.0	-481.0	-156.0	0.0
243.0	243.0	229.0	336.0	206.0	0.0	-93.0	37.0	229.0
151.0	151.0	0.0	541.0	132.0	0.0	-390.0	19.0	0.0
0.0	0.0	0.0	372.0	132.0	0.0	-372.0	-132.0	0.0
0.0	0.0	0.0	724.0	118.0	0.0	-724.0	-118.0	0.0
0.0	0.0	0.0	338.0	132.0	0.0	-338.0	-132.0	0.0
0.0	0.0	0.0	530.0	206.0	0.0	-530.0	-206.0	0.0
395.0	245.0	0.0	659.0	133.0	0.0	-264.0	112.0	0.0
892.0	208.0	0.0	361.0	133.0	0.0	531.0	75.0	0.0
210.0	210.0	0.0	266.0	132.0	0.0	-56.0	78.0	0.0
0.0	0.0	0.0	217.0	130.0	0.0	-217.0	-130.0	0.0
129.0	129.0	214.0	466.0	112.0	0.0	-337.0	17.0	214.0
355.0	355.0	0.0	358.0	112.0	0.0	-3.0	243.0	0.0
811.0	416.0	0.0	459.0	133.0	0.0	352.0	283.0	0.0
0.0	0.0	0.0	600.0	90.0	0.0	-600.0	-90.0	0.0
216.0	216.0	327.0	231.0	118.0	0.0	-15.0	98.0	327.0
270.0	129.0	0.0	743.0	133.0	0.0	-473.0	-4.0	0.0
208.0	129.0	85.0	755.0	231.0	0.0	-547.0	-102.0	85.0
318.0	129.0	0.0	403.0	133.0	0.0	-85.0	-4.0	0.0
279.0	129.0	0.0	843.0	133.0	0.0	-564.0	-4.0	0.0
304.0	150.0	0.0	453.0	156.0	0.0	-149.0	-6.0	0.0
0.0	0.0	0.0	480.0	132.0	0.0	-480.0	-132.0	0.0
0.0	0.0	0.0	286.0	176.0	0.0	-286.0	-176.0	0.0
0.0	0.0	0.0	342.0	112.0	0.0	-342.0	-112.0	0.0
0.0	0.0	0.0	374.0	128.0	0.0	-374.0	-128.0	0.0
491.0	233.0	0.0	873.0	231.0	0.0	-382.0	2.0	0.0
169.0	169.0	0.0	700.0	223.0	0.0	-531.0	-54.0	0.0
253.0	253.0	0.0	236.0	118.0	0.0	17.0	135.0	0.0
143.0	143.0	0.0	490.0	128.0	0.0	-347.0	15.0	0.0
409.0	131.0	0.0	431.0	155.0	0.0	-22.0	-24.0	0.0
345.0	129.0	0.0	637.0	206.0	0.0	-292.0	-77.0	0.0
150.0	150.0	358.0	764.0	128.0	0.0	-614.0	22.0	358.0
231.0	231.0	0.0	476.0	42.0	0.0	-245.0	189.0	0.0
129.0	129.0	0.0	735.0	138.0	0.0	-606.0	-9.0	0.0
339.0	210.0	194.0	324.0	206.0	0.0	15.0	4.0	194.0
0.0	0.0	0.0	364.0	128.0	109.0	-364.0	-128.0	-109.0
210.0	210.0	0.0	403.0	138.0	0.0	-193.0	72.0	0.0
513.0	129.0	0.0	624.0	223.0	0.0	-111.0	-94.0	0.0
0.0	0.0	0.0	112.0	112.0	170.0	-112.0	-112.0	-170.0
129.0	129.0	0.0	599.0	133.0	0.0	-470.0	-4.0	0.0
626.0	150.0	0.0	971.0	177.0	0.0	-345.0	-27.0	0.0
315.0	169.0	0.0	791.0	177.0	0.0	-476.0	-8.0	0.0
281.0	129.0	0.0	680.0	138.0	0.0	-399.0	-9.0	0.0
0.0	0.0	0.0	132.0	132.0	109.0	-132.0	-132.0	-109.0
0.0	0.0	0.0	382.0	178.0	0.0	-382.0	-178.0	0.0
665.0	286.0	0.0	924.0	173.0	0.0	-259.0	113.0	0.0
150.0	150.0	0.0	591.0	173.0	0.0	-441.0	-23.0	0.0
0.0	0.0	0.0	454.0	92.0	0.0	-454.0	-92.0	0.0
109.0	109.0	0.0	579.0	118.0	0.0	-470.0	-9.0	0.0
211.0	211.0	0.0	312.0	42.0	0.0	-101.0	169.0	0.0
336.0	211.0	0.0	635.0	113.0	0.0	-299.0	98.0	0.0
0.0	0.0	0.0	224.0	134.0	190.0	-224.0	-134.0	-190.0
250.0	250.0	0.0	224.0	90.0	250.0	26.0	160.0	-250.0
321.0	169.0	0.0	617.0	173.0	0.0	-296.0	-4.0	0.0
109.0	109.0	219.0	435.0	118.0	0.0	-326.0	-9.0	219.0
150.0	150.0	0.0	630.0	135.0	0.0	-480.0	15.0	0.0
0.0	0.0	0.0	354.0	118.0	0.0	-354.0	-118.0	0.0
359.0	169.0	0.0	286.0	113.0	0.0	73.0	56.0	0.0
339.0	210.0	0.0	625.0	206.0	0.0	-286.0	4.0	0.0
0.0	0.0	0.0	222.0	132.0	0.0	-222.0	-132.0	0.0
0.0	0.0	0.0	458.0	90.0	0.0	-458.0	-90.0	0.0
0.0	0.0	0.0	438.0	118.0	0.0	-438.0	-118.0	0.0
0.0	0.0	0.0	0.0	0.0	0.0	0.0	0.0	0.0
0.0	0.0	0.0	378.0	132.0	0.0	-378.0	-132.0	0.0
169.0	169.0	0.0	499.0	133.0	0.0	-330.0	36.0	0.0
0.0	0.0	0.0	562.0	206.0	0.0	-562.0	-206.0	0.0
472.0	169.0	109.0	597.0	128.0	0.0	-125.0	41.0	109.0
791.0	129.0	0.0	988.0	133.0	0.0	-197.0	-4.0	0.0
210.0	210.0	0.0	739.0	206.0	0.0	-529.0	4.0	0.0
0.0	0.0	0.0	436.0	118.0	0.0	-436.0	-118.0	0.0
0.0	0.0	0.0	644.0	156.0	0.0	-644.0	-156.0	0.0
0.0	0.0	0.0	700.0	118.0	0.0	-700.0	-118.0	0.0
461.0	150.0	0.0	714.0	235.0	0.0	-253.0	-85.0	0.0
210.0	210.0	0.0	550.0	128.0	0.0	-340.0	82.0	0.0
0.0	0.0	0.0	514.0	132.0	0.0	-514.0	-132.0	0.0
0.0	0.0	0.0	112.0	112.0	327.0	-112.0	-112.0	-327.0
276.0	129.0	0.0	747.0	90.0	0.0	-471.0	39.0	0.0
814.0	542.0	0.0	200.0	42.0	0.0	614.0	500.0	0.0
300.0	131.0	0.0	752.0	351.0	0.0	-452.0	-220.0	0.0
0.0	0.0	0.0	224.0	112.0	0.0	-224.0	-112.0	0.0
0.0	0.0	0.0	436.0	112.0	85.0	-436.0	-112.0	-85.0
