331.0	331.0	0.0	576.0	90.0	0.0	-245.0	241.0	0.0
243.0	243.0	272.0	1320.0	118.0	0.0	-1077.0	125.0	272.0
0.0	0.0	0.0	368.0	160.0	85.0	-368.0	-160.0	-85.0
654.0	654.0	0.0	296.0	118.0	981.0	358.0	536.0	-981.0
646.0	292.0	125.0	620.0	118.0	0.0	26.0	174.0	125.0
0.0	0.0	0.0	1202.0	230.0	0.0	-1202.0	-230.0	0.0
0.0	0.0	0.0	868.0	118.0	0.0	-868.0	-118.0	0.0
652.0	178.0	0.0	948.0	156.0	0.0	-296.0	22.0	0.0
85.0	85.0	802.0	1006.0	178.0	0.0	-921.0	-93.0	802.0
0.0	0.0	0.0	0.0	0.0	0.0	0.0	0.0	0.0
362.0	233.0	0.0	1357.0	231.0	0.0	-995.0	2.0	0.0
569.0	455.0	0.0	337.0	157.0	0.0	232.0	298.0	0.0
232.0	232.0	0.0	498.0	128.0	0.0	-266.0	104.0	0.0
89.0	89.0	650.0	891.0	118.0	0.0	-802.0	-29.0	650.0
0.0	0.0	0.0	990.0	134.0	0.0	-990.0	-134.0	0.0
326.0	150.0	0.0	1377.0	118.0	0.0	-1051.0	32.0	0.0
341.0	341.0	0.0	338.0	118.0	341.0	3.0	223.0	-341.0
0.0	0.0	0.0	832.0	118.0	0.0	-832.0	-118.0	0.0
243.0	243.0	0.0	1355.0	118.0	0.0	-1112.0	125.0	0.0
0.0	0.0	0.0	840.0	112.0	0.0	-840.0	-112.0	0.0
352.0	243.0	120.0	1209.0	128.0	0.0	-857.0	115.0	120.0
332.0	89.0	0.0	736.0	118.0	0.0	-404.0	-29.0	0.0
243.0	243.0	0.0	1126.0	118.0	0.0	-883.0	125.0	0.0
234.0	105.0	194.0	500.0	250.0	469.0	-266.0	-145.0	-275.0
405.0	210.0	0.0	1563.0	206.0	0.0	-1158.0	4.0	0.0
169.0	169.0	134.0	829.0	144.0	0.0	-660.0	25.0	134.0
715.0	245.0	0.0	1777.0	153.0	0.0	-1062.0	92.0	0.0
169.0	169.0	0.0	973.0	135.0	0.0	-804.0	34.0	0.0
0.0	0.0	0.0	476.0	128.0	0.0	-476.0	-128.0	0.0
605.0	455.0	0.0	320.0	118.0	0.0	285.0	337.0	0.0
0.0	0.0	0.0	1025.0	128.0	114.0	-1025.0	-128.0	-114.0
332.0	203.0	0.0	1332.0	341.0	0.0	-1000.0	-138.0	0.0
461.0	203.0	0.0	1068.0	341.0	0.0	-607.0	-138.0	0.0
690.0	109.0	0.0	1257.0	560.0	0.0	-567.0	-451.0	0.0
0.0	0.0	0.0	554.0	118.0	0.0	-554.0	-118.0	0.0
0.0	0.0	0.0	1006.0	112.0	0.0	-1006.0	-112.0	0.0
1399.0	369.0	307.0	1778.0	132.0	0.0	-379.0	237.0	307.0
235.0	150.0	0.0	1149.0	178.0	0.0	-914.0	-28.0	0.0
398.0	289.0	0.0	1160.0	79.0	0.0	-762.0	210.0	0.0
304.0	150.0	0.0	1249.0	177.0	0.0	-945.0	-27.0	0.0
0.0	0.0	0.0	1028.0	90.0	0.0	-1028.0	-90.0	0.0
397.0	288.0	412.0	502.0	233.0	109.0	-105.0	55.0	303.0
0.0	0.0	0.0	1214.0	180.0	0.0	-1214.0	-180.0	0.0
431.0	169.0	0.0	863.0	42.0	0.0	-432.0	127.0	0.0
681.0	129.0	0.0	1420.0	132.0	0.0	-739.0	-3.0	0.0
593.0	120.0	0.0	866.0	90.0	85.0	-273.0	30.0	-85.0
452.0	150.0	255.0	881.0	130.0	0.0	-429.0	20.0	255.0
210.0	210.0	388.0	1297.0	128.0	0.0	-1087.0	82.0	388.0
0.0	0.0	0.0	547.0	150.0	0.0	-547.0	-150.0	0.0
769.0	110.0	0.0	1155.0	173.0	0.0	-386.0	-63.0	0.0
0.0	0.0	0.0	1008.0	128.0	0.0	-1008.0	-128.0	0.0
980.0	129.0	0.0	1576.0	482.0	0.0	-596.0	-353.0	0.0
0.0	0.0	0.0	1299.0	180.0	0.0	-1299.0	-180.0	0.0
807.0	678.0	0.0	1131.0	207.0	0.0	-324.0	471.0	0.0
415.0	169.0	0.0	462.0	113.0	0.0	-47.0	56.0	0.0
0.0	0.0	0.0	1114.0	118.0	0.0	-1114.0	-118.0	0.0
109.0	109.0	109.0	888.0	231.0	0.0	-779.0	-122.0	109.0
0.0	0.0	0.0	448.0	118.0	0.0	-448.0	-118.0	0.0
408.0	408.0	0.0	1593.0	189.0	0.0	-1185.0	219.0	0.0
218.0	89.0	170.0	1059.0	130.0	0.0	-841.0	-41.0	170.0
516.0	210.0	218.0	1513.0	156.0	0.0	-997.0	54.0	218.0
109.0	109.0	298.0	245.0	132.0	0.0	-136.0	-23.0	298.0
0.0	0.0	0.0	1014.0	90.0	0.0	-1014.0	-90.0	0.0
129.0	129.0	0.0	889.0	133.0	0.0	-760.0	-4.0	0.0
210.0	210.0	0.0	1000.0	132.0	0.0	-790.0	78.0	0.0
330.0	154.0	0.0	823.0	154.0	0.0	-493.0	0.0	0.0
619.0	130.0	218.0	1652.0	170.0	0.0	-1033.0	-40.0	218.0
0.0	0.0	0.0	1218.0	340.0	0.0	-1218.0	-340.0	0.0
508.0	109.0	0.0	1278.0	173.0	0.0	-770.0	-64.0	0.0
494.0	365.0	0.0	382.0	132.0	0.0	112.0	233.0	0.0
129.0	129.0	170.0	658.0	90.0	0.0	-529.0	39.0	170.0
0.0	0.0	0.0	786.0	118.0	0.0	-786.0	-118.0	0.0
852.0	397.0	0.0	1589.0	133.0	0.0	-737.0	264.0	0.0
331.0	331.0	0.0	656.0	178.0	0.0	-325.0	153.0	0.0
150.0	150.0	109.0	1250.0	132.0	0.0	-1100.0	18.0	109.0
269.0	269.0	327.0	968.0	241.0	0.0	-699.0	28.0	327.0
0.0	0.0	0.0	878.0	233.0	0.0	-878.0	-233.0	0.0
169.0	169.0	362.0	804.0	112.0	85.0	-635.0	57.0	277.0
0.0	0.0	0.0	1010.0	178.0	0.0	-1010.0	-178.0	0.0
233.0	233.0	114.0	1355.0	128.0	0.0	-1122.0	105.0	114.0
688.0	129.0	0.0	1328.0	135.0	0.0	-640.0	-6.0	0.0
258.0	129.0	507.0	841.0	128.0	0.0	-583.0	1.0	507.0
243.0	243.0	868.0	810.0	90.0	0.0	-567.0	153.0	868.0
285.0	285.0	0.0	990.0	118.0	0.0	-705.0	167.0	0.0
341.0	142.0	114.0	1063.0	454.0	0.0	-722.0	-312.0	114.0
296.0	296.0	0.0	662.0	156.0	0.0	-366.0	140.0	0.0
0.0	0.0	0.0	1005.0	144.0	0.0	-1005.0	-144.0	0.0
442.0	71.0	0.0	703.0	132.0	0.0	-261.0	-61.0	0.0
983.0	542.0	0.0	961.0	42.0	0.0	22.0	500.0	0.0
730.0	169.0	0.0	1303.0	175.0	0.0	-573.0	-6.0	0.0
216.0	216.0	189.0	768.0	220.0	0.0	-552.0	-4.0	189.0
0.0	0.0	0.0	472.0	118.0	85.0	-472.0	-118.0	-85.0
156.0	156.0	699.0	1024.0	128.0	0.0	-868.0	28.0	699.0
0.0	0.0	0.0	368.0	118.0	303.0	-368.0	-118.0	-303.0
355.0	355.0	0.0	748.0	160.0	0.0	-393.0	195.0	0.0
690.0	129.0	170.0	853.0	112.0	0.0	-163.0	17.0	170.0
234.0	129.0	284.0	1270.0	132.0	0.0	-1036.0	-3.0	284.0
338.0	207.0	0.0	1168.0	113.0	0.0	-830.0	94.0	0.0
303.0	178.0	0.0	1266.0	134.0	0.0	-963.0	44.0	0.0
792.0	129.0	0.0	1424.0	132.0	0.0	-632.0	-3.0	0.0
0.0	0.0	0.0	878.0	130.0	0.0	-878.0	-130.0	0.0
69.0	69.0	190.0	616.0	90.0	0.0	-547.0	-21.0	190.0
814.0	542.0	0.0	1266.0	42.0	0.0	-452.0	500.0	0.0
565.0	355.0	0.0	1064.0	162.0	0.0	-499.0	193.0	0.0
0.0	0.0	0.0	472.0	132.0	0.0	-472.0	-132.0	0.0
0.0	0.0	0.0	296.0	178.0	0.0	-296.0	-178.0	0.0
0.0	0.0	0.0	1020.0	118.0	0.0	-1020.0	-118.0	0.0
325.0	109.0	241.0	1195.0	173.0	0.0	-870.0	-64.0	241.0
129.0	129.0	0.0	1061.0	173.0	0.0	-932.0	-44.0	0.0
207.0	207.0	145.0	1188.0	182.0	0.0	-981.0	25.0	145.0
129.0	129.0	170.0	208.0	118.0	0.0	-79.0	11.0	170.0
903.0	542.0	0.0	1034.0	42.0	0.0	-131.0	500.0	0.0
306.0	130.0	218.0	860.0	132.0	0.0	-554.0	-2.0	218.0
455.0	227.0	0.0	1491.0	276.0	0.0	-1036.0	-49.0	0.0
0.0	0.0	0.0	274.0	92.0	388.0	-274.0	-92.0	-388.0
447.0	447.0	0.0	790.0	228.0	0.0	-343.0	219.0	0.0
300.0	131.0	0.0	1065.0	173.0	131.0	-765.0	-42.0	-131.0
169.0	169.0	407.0	1253.0	326.0	85.0	-1084.0	-157.0	322.0
0.0	0.0	0.0	540.0	178.0	0.0	-540.0	-178.0	0.0
569.0	365.0	105.0	1010.0	326.0	105.0	-441.0	39.0	0.0
506.0	506.0	0.0	160.0	160.0	719.0	346.0	346.0	-719.0
89.0	89.0	0.0	948.0	330.0	0.0	-859.0	-241.0	0.0
254.0	254.0	0.0	1192.0	156.0	0.0	-938.0	98.0	0.0
261.0	261.0	109.0	660.0	130.0	109.0	-399.0	131.0	0.0
129.0	129.0	170.0	879.0	118.0	0.0	-750.0	11.0	170.0
0.0	0.0	0.0	582.0	178.0	0.0	-582.0	-178.0	0.0
300.0	131.0	0.0	848.0	351.0	0.0	-548.0	-220.0	0.0
653.0	109.0	0.0	877.0	134.0	0.0	-224.0	-25.0	0.0
252.0	252.0	0.0	1340.0	113.0	0.0	-1088.0	139.0	0.0
468.0	150.0	109.0	987.0	241.0	109.0	-519.0	-91.0	0.0
443.0	200.0	0.0	1350.0	118.0	0.0	-907.0	82.0	0.0
541.0	207.0	0.0	1280.0	118.0	0.0	-739.0	89.0	0.0
250.0	250.0	0.0	586.0	224.0	0.0	-336.0	26.0	0.0
875.0	130.0	0.0	1097.0	118.0	0.0	-222.0	12.0	0.0
680.0	129.0	0.0	1555.0	133.0	0.0	-875.0	-4.0	0.0
0.0	0.0	0.0	634.0	158.0	0.0	-634.0	-158.0	0.0
357.0	150.0	556.0	1346.0	555.0	0.0	-989.0	-405.0	556.0
243.0	243.0	0.0	1274.0	178.0	0.0	-1031.0	65.0	0.0
0.0	0.0	0.0	506.0	118.0	0.0	-506.0	-118.0	0.0
1026.0	342.0	0.0	1203.0	206.0	0.0	-177.0	136.0	0.0
472.0	150.0	0.0	1334.0	173.0	0.0	-862.0	-23.0	0.0
1019.0	302.0	0.0	1104.0	221.0	0.0	-85.0	81.0	0.0
216.0	216.0	848.0	1443.0	132.0	0.0	-1227.0	84.0	848.0
243.0	243.0	250.0	1190.0	202.0	0.0	-947.0	41.0	250.0
0.0	0.0	0.0	662.0	138.0	85.0	-662.0	-138.0	-85.0
557.0	169.0	0.0	805.0	173.0	0.0	-248.0	-4.0	0.0
305.0	169.0	0.0	1790.0	118.0	0.0	-1485.0	51.0	0.0
368.0	169.0	0.0	1054.0	173.0	0.0	-686.0	-4.0	0.0
210.0	210.0	0.0	1208.0	206.0	0.0	-998.0	4.0	0.0
109.0	109.0	724.0	633.0	90.0	0.0	-524.0	19.0	724.0
323.0	169.0	0.0	651.0	90.0	0.0	-328.0	79.0	0.0
0.0	0.0	0.0	118.0	118.0	0.0	-118.0	-118.0	0.0
716.0	169.0	0.0	1597.0	132.0	0.0	-881.0	37.0	0.0
318.0	318.0	213.0	326.0	90.0	0.0	-8.0	228.0	213.0
0.0	0.0	0.0	717.0	140.0	279.0	-717.0	-140.0	-279.0
427.0	129.0	0.0	1350.0	128.0	0.0	-923.0	1.0	0.0
0.0	0.0	0.0	1159.0	263.0	0.0	-1159.0	-263.0	0.0
109.0	109.0	104.0	963.0	113.0	0.0	-854.0	-4.0	104.0
642.0	129.0	109.0	1011.0	133.0	0.0	-369.0	-4.0	109.0
154.0	154.0	0.0	1050.0	224.0	0.0	-896.0	-70.0	0.0
0.0	0.0	0.0	620.0	128.0	0.0	-620.0	-128.0	0.0
81.0	81.0	0.0	976.0	330.0	0.0	-895.0	-249.0	0.0
0.0	0.0	0.0	612.0	134.0	0.0	-612.0	-134.0	0.0
0.0	0.0	0.0	480.0	140.0	194.0	-480.0	-140.0	-194.0
453.0	131.0	0.0	1193.0	351.0	0.0	-740.0	-220.0	0.0
295.0	210.0	0.0	128.0	128.0	0.0	167.0	82.0	0.0
383.0	233.0	0.0	1433.0	231.0	0.0	-1050.0	2.0	0.0
0.0	0.0	0.0	650.0	134.0	0.0	-650.0	-134.0	0.0
0.0	0.0	0.0	516.0	92.0	0.0	-516.0	-92.0	0.0
0.0	0.0	0.0	278.0	118.0	340.0	-278.0	-118.0	-340.0
149.0	149.0	0.0	954.0	118.0	0.0	-805.0	31.0	0.0
0.0	0.0	0.0	700.0	128.0	0.0	-700.0	-128.0	0.0
645.0	150.0	0.0	1640.0	132.0	0.0	-995.0	18.0	0.0
454.0	145.0	0.0	908.0	112.0	0.0	-454.0	33.0	0.0
272.0	272.0	0.0	906.0	224.0	0.0	-634.0	48.0	0.0
0.0	0.0	0.0	840.0	118.0	0.0	-840.0	-118.0	0.0
243.0	243.0	0.0	827.0	162.0	0.0	-584.0	81.0	0.0
0.0	0.0	0.0	206.0	206.0	339.0	-206.0	-206.0	-339.0
150.0	150.0	105.0	596.0	90.0	0.0	-446.0	60.0	105.0
233.0	89.0	0.0	961.0	90.0	0.0	-728.0	-1.0	0.0
0.0	0.0	0.0	484.0	90.0	0.0	-484.0	-90.0	0.0
283.0	129.0	0.0	1268.0	118.0	0.0	-985.0	11.0	0.0
801.0	342.0	0.0	1129.0	112.0	0.0	-328.0	230.0	0.0
0.0	0.0	0.0	842.0	118.0	0.0	-842.0	-118.0	0.0
0.0	0.0	0.0	1164.0	112.0	0.0	-1164.0	-112.0	0.0
948.0	129.0	303.0	685.0	90.0	0.0	263.0	39.0	303.0
318.0	318.0	255.0	622.0	112.0	255.0	-304.0	206.0	0.0
689.0	289.0	0.0	1959.0	807.0	0.0	-1270.0	-518.0	0.0
403.0	189.0	416.0	1317.0	132.0	0.0	-914.0	57.0	416.0
0.0	0.0	0.0	544.0	112.0	0.0	-544.0	-112.0	0.0
234.0	85.0	0.0	475.0	250.0	388.0	-241.0	-165.0	-388.0
0.0	0.0	0.0	840.0	178.0	0.0	-840.0	-178.0	0.0
1141.0	189.0	85.0	2083.0	130.0	0.0	-942.0	59.0	85.0
318.0	318.0	420.0	1134.0	176.0	0.0	-816.0	142.0	420.0
613.0	109.0	0.0	969.0	90.0	0.0	-356.0	19.0	0.0
819.0	654.0	0.0	1044.0	128.0	0.0	-225.0	526.0	0.0
129.0	129.0	612.0	837.0	112.0	0.0	-708.0	17.0	612.0
424.0	129.0	0.0	1525.0	133.0	0.0	-1101.0	-4.0	0.0
198.0	89.0	0.0	1031.0	118.0	0.0	-833.0	-29.0	0.0
0.0	0.0	0.0	740.0	154.0	0.0	-740.0	-154.0	0.0
0.0	0.0	0.0	543.0	98.0	339.0	-543.0	-98.0	-339.0
659.0	129.0	0.0	1515.0	133.0	0.0	-856.0	-4.0	0.0
240.0	131.0	194.0	691.0	132.0	0.0	-451.0	-1.0	194.0
990.0	175.0	0.0	1167.0	224.0	0.0	-177.0	-49.0	0.0
129.0	129.0	0.0	502.0	138.0	0.0	-373.0	-9.0	0.0
0.0	0.0	0.0	868.0	118.0	0.0	-868.0	-118.0	0.0
129.0	129.0	0.0	1172.0	173.0	0.0	-1043.0	-44.0	0.0
624.0	85.0	0.0	725.0	309.0	0.0	-101.0	-224.0	0.0
431.0	296.0	0.0	531.0	130.0	0.0	-100.0	166.0	0.0
393.0	150.0	114.0	1451.0	263.0	0.0	-1058.0	-113.0	114.0
157.0	157.0	0.0	1198.0	207.0	0.0	-1041.0	-50.0	0.0
239.0	150.0	0.0	970.0	162.0	0.0	-731.0	-12.0	0.0
559.0	264.0	85.0	691.0	128.0	0.0	-132.0	136.0	85.0
409.0	150.0	0.0	777.0	118.0	150.0	-368.0	32.0	-150.0
0.0	0.0	0.0	1108.0	118.0	0.0	-1108.0	-118.0	0.0
169.0	169.0	114.0	1429.0	334.0	0.0	-1260.0	-165.0	114.0
1238.0	233.0	0.0	1030.0	223.0	0.0	208.0	10.0	0.0
148.0	148.0	0.0	432.0	134.0	0.0	-284.0	14.0	0.0
194.0	194.0	0.0	823.0	118.0	194.0	-629.0	76.0	-194.0
627.0	152.0	85.0	909.0	178.0	0.0	-282.0	-26.0	85.0
169.0	169.0	313.0	836.0	112.0	0.0	-667.0	57.0	313.0
243.0	243.0	0.0	466.0	118.0	0.0	-223.0	125.0	0.0
1272.0	129.0	0.0	1569.0	153.0	0.0	-297.0	-24.0	0.0
0.0	0.0	0.0	516.0	130.0	0.0	-516.0	-130.0	0.0
480.0	154.0	194.0	1069.0	128.0	0.0	-589.0	26.0	194.0
0.0	0.0	0.0	704.0	156.0	0.0	-704.0	-156.0	0.0
0.0	0.0	0.0	1336.0	132.0	0.0	-1336.0	-132.0	0.0
439.0	289.0	303.0	527.0	132.0	0.0	-88.0	157.0	303.0
355.0	355.0	0.0	1222.0	162.0	0.0	-867.0	193.0	0.0
200.0	200.0	297.0	774.0	178.0	0.0	-574.0	22.0	297.0
210.0	210.0	0.0	974.0	128.0	0.0	-764.0	82.0	0.0
439.0	196.0	0.0	867.0	118.0	0.0	-428.0	78.0	0.0
0.0	0.0	0.0	532.0	128.0	386.0	-532.0	-128.0	-386.0
0.0	0.0	0.0	1292.0	112.0	0.0	-1292.0	-112.0	0.0
0.0	0.0	0.0	684.0	210.0	0.0	-684.0	-210.0	0.0
194.0	194.0	85.0	772.0	158.0	0.0	-578.0	36.0	85.0
0.0	0.0	0.0	1181.0	132.0	0.0	-1181.0	-132.0	0.0
676.0	114.0	0.0	1793.0	276.0	0.0	-1117.0	-162.0	0.0
169.0	169.0	459.0	1252.0	195.0	120.0	-1083.0	-26.0	339.0
207.0	207.0	0.0	948.0	118.0	0.0	-741.0	89.0	0.0
243.0	243.0	0.0	1182.0	118.0	0.0	-939.0	125.0	0.0
656.0	233.0	0.0	1178.0	118.0	0.0	-522.0	115.0	0.0
85.0	85.0	534.0	0.0	0.0	0.0	85.0	85.0	534.0
154.0	154.0	65.0	252.0	140.0	644.0	-98.0	14.0	-579.0
209.0	209.0	0.0	842.0	178.0	0.0	-633.0	31.0	0.0
131.0	131.0	795.0	750.0	220.0	0.0	-619.0	-89.0	795.0
156.0	156.0	392.0	842.0	132.0	0.0	-686.0	24.0	392.0
0.0	0.0	0.0	637.0	151.0	85.0	-637.0	-151.0	-85.0
238.0	69.0	0.0	472.0	118.0	0.0	-234.0	-49.0	0.0
444.0	294.0	0.0	410.0	160.0	722.0	34.0	134.0	-722.0
0.0	0.0	0.0	958.0	132.0	0.0	-958.0	-132.0	0.0
145.0	145.0	728.0	118.0	118.0	364.0	27.0	27.0	364.0
0.0	0.0	0.0	658.0	160.0	0.0	-658.0	-160.0	0.0
230.0	145.0	0.0	959.0	180.0	104.0	-729.0	-35.0	-104.0
129.0	129.0	165.0	698.0	178.0	0.0	-569.0	-49.0	165.0
378.0	189.0	0.0	944.0	134.0	0.0	-566.0	55.0	0.0
564.0	250.0	0.0	878.0	180.0	0.0	-314.0	70.0	0.0
771.0	226.0	0.0	1111.0	230.0	0.0	-340.0	-4.0	0.0
764.0	169.0	109.0	951.0	223.0	0.0	-187.0	-54.0	109.0
207.0	207.0	0.0	861.0	309.0	0.0	-654.0	-102.0	0.0
210.0	210.0	0.0	994.0	162.0	0.0	-784.0	48.0	0.0
169.0	169.0	0.0	1071.0	118.0	0.0	-902.0	51.0	0.0
125.0	125.0	273.0	1083.0	128.0	0.0	-958.0	-3.0	273.0
339.0	129.0	0.0	672.0	132.0	0.0	-333.0	-3.0	0.0
0.0	0.0	0.0	1120.0	140.0	0.0	-1120.0	-140.0	0.0
109.0	109.0	715.0	1198.0	118.0	0.0	-1089.0	-9.0	715.0
169.0	169.0	0.0	1512.0	173.0	0.0	-1343.0	-4.0	0.0
220.0	220.0	0.0	984.0	198.0	0.0	-764.0	22.0	0.0
770.0	258.0	85.0	1101.0	277.0	85.0	-331.0	-19.0	0.0
543.0	414.0	0.0	1915.0	397.0	0.0	-1372.0	17.0	0.0
596.0	109.0	0.0	684.0	173.0	0.0	-88.0	-64.0	0.0
350.0	200.0	0.0	1175.0	278.0	0.0	-825.0	-78.0	0.0
686.0	312.0	0.0	1434.0	158.0	0.0	-748.0	154.0	0.0
706.0	129.0	0.0	1567.0	173.0	0.0	-861.0	-44.0	0.0
665.0	455.0	0.0	236.0	118.0	0.0	429.0	337.0	0.0
491.0	129.0	0.0	1120.0	173.0	0.0	-629.0	-44.0	0.0
196.0	196.0	184.0	1362.0	289.0	0.0	-1166.0	-93.0	184.0
509.0	149.0	0.0	381.0	113.0	0.0	128.0	36.0	0.0
0.0	0.0	0.0	822.0	130.0	0.0	-822.0	-130.0	0.0
210.0	210.0	0.0	370.0	118.0	210.0	-160.0	92.0	-210.0
389.0	129.0	109.0	1058.0	231.0	0.0	-669.0	-102.0	109.0
225.0	225.0	0.0	482.0	246.0	0.0	-257.0	-21.0	0.0
384.0	109.0	382.0	1123.0	132.0	0.0	-739.0	-23.0	382.0
318.0	318.0	170.0	436.0	228.0	706.0	-118.0	90.0	-536.0
165.0	165.0	303.0	1056.0	176.0	85.0	-891.0	-11.0	218.0
0.0	0.0	0.0	1050.0	90.0	0.0	-1050.0	-90.0	0.0
1352.0	542.0	0.0	1021.0	42.0	0.0	331.0	500.0	0.0
0.0	0.0	0.0	1016.0	134.0	0.0	-1016.0	-134.0	0.0
216.0	216.0	0.0	680.0	220.0	85.0	-464.0	-4.0	-85.0
654.0	654.0	0.0	614.0	156.0	763.0	40.0	498.0	-763.0
300.0	131.0	0.0	1295.0	351.0	0.0	-995.0	-220.0	0.0
1445.0	207.0	0.0	1464.0	118.0	0.0	-19.0	89.0	0.0
0.0	0.0	0.0	738.0	112.0	0.0	-738.0	-112.0	0.0
0.0	0.0	0.0	452.0	118.0	0.0	-452.0	-118.0	0.0
0.0	0.0	0.0	614.0	118.0	190.0	-614.0	-118.0	-190.0
0.0	0.0	0.0	1164.0	156.0	0.0	-1164.0	-156.0	0.0
429.0	279.0	0.0	1165.0	133.0	0.0	-736.0	146.0	0.0
89.0	89.0	436.0	832.0	118.0	0.0	-743.0	-29.0	436.0
109.0	109.0	0.0	544.0	134.0	0.0	-435.0	-25.0	0.0
129.0	129.0	230.0	949.0	162.0	85.0	-820.0	-33.0	145.0
176.0	176.0	771.0	1425.0	325.0	0.0	-1249.0	-149.0	771.0
0.0	0.0	0.0	926.0	112.0	0.0	-926.0	-112.0	0.0
0.0	0.0	0.0	354.0	118.0	85.0	-354.0	-118.0	-85.0
578.0	150.0	0.0	857.0	64.0	0.0	-279.0	86.0	0.0
0.0	0.0	0.0	368.0	228.0	425.0	-368.0	-228.0	-425.0
776.0	342.0	0.0	2031.0	173.0	0.0	-1255.0	169.0	0.0
313.0	156.0	490.0	1301.0	118.0	0.0	-988.0	38.0	490.0
0.0	0.0	0.0	854.0	132.0	0.0	-854.0	-132.0	0.0
0.0	0.0	0.0	986.0	246.0	0.0	-986.0	-246.0	0.0
339.0	129.0	85.0	940.0	141.0	0.0	-601.0	-12.0	85.0
69.0	69.0	0.0	708.0	118.0	0.0	-639.0	-49.0	0.0
455.0	455.0	0.0	428.0	90.0	0.0	27.0	365.0	0.0
0.0	0.0	0.0	398.0	128.0	199.0	-398.0	-128.0	-199.0
0.0	0.0	0.0	358.0	138.0	0.0	-358.0	-138.0	0.0
189.0	189.0	638.0	871.0	128.0	0.0	-682.0	61.0	638.0
129.0	129.0	234.0	659.0	132.0	0.0	-530.0	-3.0	234.0
625.0	253.0	0.0	1370.0	133.0	0.0	-745.0	120.0	0.0
0.0	0.0	0.0	442.0	156.0	0.0	-442.0	-156.0	0.0
109.0	109.0	677.0	516.0	118.0	170.0	-407.0	-9.0	507.0
0.0	0.0	0.0	1026.0	198.0	0.0	-1026.0	-198.0	0.0
0.0	0.0	0.0	349.0	235.0	0.0	-349.0	-235.0	0.0
0.0	0.0	0.0	236.0	118.0	0.0	-236.0	-118.0	0.0
623.0	150.0	0.0	1533.0	133.0	0.0	-910.0	17.0	0.0
294.0	129.0	0.0	889.0	133.0	0.0	-595.0	-4.0	0.0
790.0	312.0	85.0	1548.0	128.0	0.0	-758.0	184.0	85.0
129.0	129.0	0.0	745.0	233.0	129.0	-616.0	-104.0	-129.0
275.0	150.0	0.0	947.0	173.0	0.0	-672.0	-23.0	0.0
1075.0	352.0	170.0	1261.0	118.0	0.0	-186.0	234.0	170.0
0.0	0.0	0.0	600.0	118.0	0.0	-600.0	-118.0	0.0
129.0	129.0	294.0	1112.0	128.0	0.0	-983.0	1.0	294.0
0.0	0.0	0.0	1324.0	180.0	0.0	-1324.0	-180.0	0.0
489.0	243.0	0.0	1140.0	118.0	0.0	-651.0	125.0	0.0
301.0	301.0	0.0	472.0	118.0	0.0	-171.0	183.0	0.0
210.0	210.0	120.0	991.0	173.0	0.0	-781.0	37.0	120.0
243.0	243.0	0.0	1440.0	118.0	0.0	-1197.0	125.0	0.0
125.0	125.0	0.0	1360.0	118.0	0.0	-1235.0	7.0	0.0
335.0	335.0	0.0	988.0	202.0	0.0	-653.0	133.0	0.0
243.0	243.0	109.0	1361.0	118.0	0.0	-1118.0	125.0	109.0
220.0	220.0	0.0	926.0	160.0	0.0	-706.0	60.0	0.0
0.0	0.0	0.0	402.0	118.0	0.0	-402.0	-118.0	0.0
167.0	167.0	379.0	954.0	246.0	0.0	-787.0	-79.0	379.0
368.0	169.0	0.0	1444.0	173.0	0.0	-1076.0	-4.0	0.0
360.0	210.0	0.0	927.0	206.0	0.0	-567.0	4.0	0.0
364.0	154.0	339.0	1043.0	90.0	0.0	-679.0	64.0	339.0
130.0	130.0	294.0	899.0	112.0	0.0	-769.0	18.0	294.0
0.0	0.0	0.0	510.0	132.0	120.0	-510.0	-132.0	-120.0
150.0	150.0	0.0	684.0	133.0	0.0	-534.0	17.0	0.0
210.0	210.0	0.0	600.0	128.0	0.0	-390.0	82.0	0.0
339.0	129.0	0.0	1004.0	128.0	0.0	-665.0	1.0	0.0
85.0	85.0	670.0	459.0	118.0	0.0	-374.0	-33.0	670.0
798.0	312.0	0.0	901.0	158.0	0.0	-103.0	154.0	0.0
85.0	85.0	648.0	1061.0	112.0	0.0	-976.0	-27.0	648.0
467.0	109.0	0.0	1225.0	133.0	0.0	-758.0	-24.0	0.0
487.0	169.0	0.0	1490.0	223.0	0.0	-1003.0	-54.0	0.0
788.0	169.0	0.0	1324.0	118.0	0.0	-536.0	51.0	0.0
283.0	129.0	0.0	974.0	133.0	0.0	-691.0	-4.0	0.0
0.0	0.0	0.0	564.0	118.0	0.0	-564.0	-118.0	0.0
0.0	0.0	0.0	736.0	132.0	0.0	-736.0	-132.0	0.0
0.0	0.0	0.0	624.0	90.0	85.0	-624.0	-90.0	-85.0
0.0	0.0	0.0	256.0	144.0	170.0	-256.0	-144.0	-170.0
0.0	0.0	0.0	1119.0	128.0	0.0	-1119.0	-128.0	0.0
417.0	131.0	0.0	1344.0	351.0	0.0	-927.0	-220.0	0.0
0.0	0.0	0.0	704.0	132.0	0.0	-704.0	-132.0	0.0
150.0	150.0	210.0	858.0	200.0	0.0	-708.0	-50.0	210.0
325.0	169.0	0.0	1047.0	134.0	0.0	-722.0	35.0	0.0
316.0	169.0	0.0	1196.0	133.0	0.0	-880.0	36.0	0.0
505.0	209.0	0.0	1155.0	135.0	0.0	-650.0	74.0	0.0
537.0	143.0	0.0	813.0	133.0	0.0	-276.0	10.0	0.0
210.0	210.0	194.0	718.0	118.0	0.0	-508.0	92.0	194.0
150.0	150.0	0.0	684.0	210.0	0.0	-534.0	-60.0	0.0
544.0	544.0	0.0	236.0	118.0	843.0	308.0	426.0	-843.0
557.0	169.0	0.0	818.0	42.0	0.0	-261.0	127.0	0.0
0.0	0.0	0.0	965.0	112.0	192.0	-965.0	-112.0	-192.0
0.0	0.0	0.0	482.0	118.0	0.0	-482.0	-118.0	0.0
0.0	0.0	0.0	730.0	132.0	0.0	-730.0	-132.0	0.0
250.0	250.0	0.0	1188.0	158.0	0.0	-938.0	92.0	0.0
0.0	0.0	0.0	694.0	132.0	0.0	-694.0	-132.0	0.0
0.0	0.0	0.0	961.0	397.0	0.0	-961.0	-397.0	0.0
0.0	0.0	0.0	1168.0	112.0	0.0	-1168.0	-112.0	0.0
0.0	0.0	0.0	714.0	118.0	0.0	-714.0	-118.0	0.0
0.0	0.0	0.0	636.0	118.0	0.0	-636.0	-118.0	0.0
85.0	85.0	701.0	586.0	178.0	0.0	-501.0	-93.0	701.0
459.0	459.0	0.0	1064.0	329.0	0.0	-605.0	130.0	0.0
283.0	129.0	0.0	1023.0	133.0	0.0	-740.0	-4.0	0.0
0.0	0.0	0.0	576.0	118.0	0.0	-576.0	-118.0	0.0
0.0	0.0	0.0	208.0	118.0	407.0	-208.0	-118.0	-407.0
169.0	169.0	0.0	1074.0	118.0	0.0	-905.0	51.0	0.0
468.0	150.0	0.0	597.0	133.0	259.0	-129.0	17.0	-259.0
523.0	141.0	189.0	987.0	132.0	0.0	-464.0	9.0	189.0
0.0	0.0	0.0	896.0	90.0	0.0	-896.0	-90.0	0.0
0.0	0.0	0.0	706.0	144.0	0.0	-706.0	-144.0	0.0
0.0	0.0	0.0	904.0	132.0	0.0	-904.0	-132.0	0.0
0.0	0.0	0.0	872.0	112.0	0.0	-872.0	-112.0	0.0
0.0	0.0	0.0	660.0	112.0	0.0	-660.0	-112.0	0.0
0.0	0.0	0.0	970.0	210.0	0.0	-970.0	-210.0	0.0
510.0	169.0	0.0	1700.0	180.0	0.0	-1190.0	-11.0	0.0
790.0	129.0	0.0	1522.0	173.0	0.0	-732.0	-44.0	0.0
492.0	150.0	0.0	174.0	0.0	150.0	318.0	150.0	-150.0
207.0	207.0	0.0	1078.0	118.0	0.0	-871.0	89.0	0.0
502.0	129.0	0.0	1287.0	133.0	0.0	-785.0	-4.0	0.0
390.0	243.0	0.0	904.0	118.0	0.0	-514.0	125.0	0.0
0.0	0.0	0.0	724.0	118.0	0.0	-724.0	-118.0	0.0
420.0	169.0	0.0	1158.0	173.0	0.0	-738.0	-4.0	0.0
820.0	150.0	0.0	1306.0	132.0	0.0	-486.0	18.0	0.0
0.0	0.0	0.0	624.0	180.0	0.0	-624.0	-180.0	0.0
569.0	150.0	109.0	1226.0	133.0	0.0	-657.0	17.0	109.0
606.0	307.0	0.0	1066.0	173.0	0.0	-460.0	134.0	0.0
145.0	145.0	0.0	466.0	118.0	0.0	-321.0	27.0	0.0
450.0	109.0	0.0	402.0	0.0	194.0	48.0	109.0	-194.0
612.0	131.0	0.0	1187.0	144.0	0.0	-575.0	-13.0	0.0
447.0	169.0	0.0	635.0	113.0	0.0	-188.0	56.0	0.0
0.0	0.0	0.0	816.0	118.0	0.0	-816.0	-118.0	0.0
0.0	0.0	0.0	924.0	92.0	85.0	-924.0	-92.0	-85.0
409.0	169.0	0.0	1246.0	223.0	0.0	-837.0	-54.0	0.0
731.0	210.0	0.0	1458.0	206.0	0.0	-727.0	4.0	0.0
0.0	0.0	0.0	788.0	118.0	0.0	-788.0	-118.0	0.0
266.0	157.0	0.0	1037.0	128.0	0.0	-771.0	29.0	0.0
109.0	109.0	325.0	748.0	118.0	109.0	-639.0	-9.0	216.0
150.0	150.0	0.0	589.0	113.0	0.0	-439.0	37.0	0.0
912.0	129.0	0.0	1699.0	175.0	0.0	-787.0	-46.0	0.0
0.0	0.0	0.0	236.0	118.0	0.0	-236.0	-118.0	0.0
125.0	125.0	192.0	564.0	90.0	0.0	-439.0	35.0	192.0
0.0	0.0	0.0	458.0	140.0	0.0	-458.0	-140.0	0.0
0.0	0.0	0.0	572.0	90.0	0.0	-572.0	-90.0	0.0
548.0	310.0	0.0	1068.0	139.0	0.0	-520.0	171.0	0.0
0.0	0.0	0.0	774.0	178.0	0.0	-774.0	-178.0	0.0
0.0	0.0	0.0	502.0	118.0	0.0	-502.0	-118.0	0.0
0.0	0.0	0.0	264.0	134.0	85.0	-264.0	-134.0	-85.0
0.0	0.0	0.0	1010.0	222.0	0.0	-1010.0	-222.0	0.0
0.0	0.0	0.0	1144.0	246.0	0.0	-1144.0	-246.0	0.0
189.0	189.0	0.0	676.0	178.0	359.0	-487.0	11.0	-359.0
1254.0	414.0	0.0	1800.0	380.0	0.0	-546.0	34.0	0.0
270.0	129.0	0.0	1254.0	128.0	0.0	-984.0	1.0	0.0
322.0	169.0	0.0	1266.0	135.0	0.0	-944.0	34.0	0.0
352.0	243.0	0.0	1212.0	130.0	0.0	-860.0	113.0	0.0
310.0	169.0	0.0	966.0	133.0	0.0	-656.0	36.0	0.0
0.0	0.0	0.0	320.0	112.0	0.0	-320.0	-112.0	0.0
0.0	0.0	0.0	454.0	132.0	170.0	-454.0	-132.0	-170.0
69.0	69.0	0.0	444.0	118.0	69.0	-375.0	-49.0	-69.0
0.0	0.0	0.0	572.0	118.0	0.0	-572.0	-118.0	0.0
0.0	0.0	0.0	469.0	112.0	194.0	-469.0	-112.0	-194.0
129.0	129.0	0.0	700.0	118.0	0.0	-571.0	11.0	0.0
897.0	131.0	0.0	1912.0	371.0	0.0	-1015.0	-240.0	0.0
0.0	0.0	0.0	314.0	180.0	606.0	-314.0	-180.0	-606.0
498.0	131.0	0.0	1577.0	173.0	0.0	-1079.0	-42.0	0.0
651.0	264.0	0.0	1438.0	231.0	0.0	-787.0	33.0	0.0
800.0	243.0	0.0	1132.0	128.0	0.0	-332.0	115.0	0.0
85.0	85.0	884.0	888.0	132.0	0.0	-803.0	-47.0	884.0
393.0	129.0	0.0	470.0	134.0	0.0	-77.0	-5.0	0.0
534.0	129.0	0.0	1486.0	50.0	0.0	-952.0	79.0	0.0
0.0	0.0	0.0	742.0	118.0	0.0	-742.0	-118.0	0.0
574.0	169.0	0.0	1306.0	133.0	0.0	-732.0	36.0	0.0
595.0	466.0	0.0	1305.0	458.0	0.0	-710.0	8.0	0.0
210.0	210.0	0.0	628.0	128.0	0.0	-418.0	82.0	0.0
109.0	109.0	0.0	1015.0	135.0	0.0	-906.0	-26.0	0.0
85.0	85.0	784.0	1070.0	176.0	0.0	-985.0	-91.0	784.0
326.0	326.0	0.0	784.0	118.0	0.0	-458.0	208.0	0.0
0.0	0.0	0.0	1018.0	118.0	0.0	-1018.0	-118.0	0.0
125.0	125.0	0.0	860.0	138.0	125.0	-735.0	-13.0	-125.0
169.0	169.0	0.0	1079.0	118.0	0.0	-910.0	51.0	0.0
0.0	0.0	0.0	1446.0	207.0	0.0	-1446.0	-207.0	0.0
316.0	207.0	188.0	791.0	173.0	0.0	-475.0	34.0	188.0
109.0	109.0	85.0	838.0	128.0	0.0	-729.0	-19.0	85.0
210.0	210.0	0.0	528.0	112.0	0.0	-318.0	98.0	0.0
0.0	0.0	0.0	132.0	132.0	774.0	-132.0	-132.0	-774.0
210.0	210.0	0.0	644.0	128.0	0.0	-434.0	82.0	0.0
0.0	0.0	0.0	1104.0	118.0	0.0	-1104.0	-118.0	0.0
657.0	129.0	0.0	1041.0	206.0	0.0	-384.0	-77.0	0.0
283.0	129.0	0.0	998.0	180.0	0.0	-715.0	-51.0	0.0
0.0	0.0	0.0	522.0	90.0	0.0	-522.0	-90.0	0.0
0.0	0.0	0.0	922.0	178.0	0.0	-922.0	-178.0	0.0
471.0	273.0	0.0	1803.0	704.0	0.0	-1332.0	-431.0	0.0
0.0	0.0	0.0	498.0	182.0	0.0	-498.0	-182.0	0.0
0.0	0.0	0.0	516.0	128.0	0.0	-516.0	-128.0	0.0
0.0	0.0	0.0	230.0	112.0	0.0	-230.0	-112.0	0.0
454.0	150.0	0.0	1455.0	118.0	0.0	-1001.0	32.0	0.0
0.0	0.0	0.0	582.0	222.0	0.0	-582.0	-222.0	0.0
210.0	210.0	441.0	1128.0	160.0	0.0	-918.0	50.0	441.0
274.0	109.0	105.0	886.0	301.0	0.0	-612.0	-192.0	105.0
295.0	210.0	0.0	1046.0	112.0	0.0	-751.0	98.0	0.0
493.0	129.0	0.0	942.0	206.0	0.0	-449.0	-77.0	0.0
1018.0	233.0	0.0	1390.0	231.0	0.0	-372.0	2.0	0.0
0.0	0.0	0.0	498.0	156.0	0.0	-498.0	-156.0	0.0
0.0	0.0	0.0	548.0	128.0	85.0	-548.0	-128.0	-85.0
0.0	0.0	0.0	690.0	288.0	0.0	-690.0	-288.0	0.0
0.0	0.0	0.0	614.0	160.0	275.0	-614.0	-160.0	-275.0
456.0	169.0	0.0	860.0	112.0	0.0	-404.0	57.0	0.0
0.0	0.0	0.0	326.0	118.0	170.0	-326.0	-118.0	-170.0
210.0	210.0	0.0	482.0	118.0	0.0	-272.0	92.0	0.0
698.0	169.0	0.0	885.0	179.0	0.0	-187.0	-10.0	0.0
0.0	0.0	0.0	566.0	92.0	0.0	-566.0	-92.0	0.0
0.0	0.0	0.0	668.0	118.0	0.0	-668.0	-118.0	0.0
0.0	0.0	0.0	326.0	90.0	85.0	-326.0	-90.0	-85.0
0.0	0.0	0.0	680.0	118.0	0.0	-680.0	-118.0	0.0
153.0	153.0	0.0	702.0	118.0	0.0	-549.0	35.0	0.0
169.0	169.0	432.0	1326.0	132.0	0.0	-1157.0	37.0	432.0
471.0	167.0	0.0	1207.0	42.0	0.0	-736.0	125.0	0.0
484.0	129.0	0.0	915.0	113.0	0.0	-431.0	16.0	0.0
317.0	148.0	0.0	898.0	230.0	0.0	-581.0	-82.0	0.0
189.0	189.0	0.0	794.0	112.0	0.0	-605.0	77.0	0.0
952.0	129.0	0.0	1165.0	133.0	0.0	-213.0	-4.0	0.0
213.0	213.0	0.0	574.0	220.0	0.0	-361.0	-7.0	0.0
243.0	243.0	795.0	1154.0	246.0	0.0	-911.0	-3.0	795.0
283.0	129.0	0.0	1333.0	128.0	0.0	-1050.0	1.0	0.0
243.0	243.0	0.0	818.0	202.0	0.0	-575.0	41.0	0.0
294.0	129.0	0.0	889.0	133.0	0.0	-595.0	-4.0	0.0
69.0	69.0	0.0	613.0	118.0	0.0	-544.0	-49.0	0.0
0.0	0.0	0.0	572.0	112.0	0.0	-572.0	-112.0	0.0
235.0	150.0	327.0	590.0	132.0	0.0	-355.0	18.0	327.0
85.0	85.0	772.0	0.0	0.0	0.0	85.0	85.0	772.0
150.0	150.0	0.0	942.0	133.0	0.0	-792.0	17.0	0.0
0.0	0.0	0.0	502.0	206.0	85.0	-502.0	-206.0	-85.0
109.0	109.0	727.0	613.0	118.0	0.0	-504.0	-9.0	727.0
435.0	150.0	0.0	1405.0	133.0	0.0	-970.0	17.0	0.0
157.0	157.0	478.0	571.0	178.0	108.0	-414.0	-21.0	370.0
479.0	150.0	0.0	1083.0	177.0	85.0	-604.0	-27.0	-85.0
0.0	0.0	0.0	600.0	118.0	192.0	-600.0	-118.0	-192.0
109.0	109.0	0.0	747.0	144.0	0.0	-638.0	-35.0	0.0
131.0	131.0	730.0	624.0	228.0	85.0	-493.0	-97.0	645.0
0.0	0.0	0.0	660.0	118.0	0.0	-660.0	-118.0	0.0
210.0	210.0	0.0	614.0	128.0	0.0	-404.0	82.0	0.0
0.0	0.0	0.0	978.0	118.0	0.0	-978.0	-118.0	0.0
458.0	131.0	0.0	1367.0	351.0	0.0	-909.0	-220.0	0.0
0.0	0.0	0.0	1193.0	118.0	0.0	-1193.0	-118.0	0.0
0.0	0.0	0.0	430.0	228.0	255.0	-430.0	-228.0	-255.0
157.0	157.0	593.0	1162.0	173.0	0.0	-1005.0	-16.0	593.0
0.0	0.0	0.0	516.0	128.0	0.0	-516.0	-128.0	0.0
304.0	150.0	0.0	671.0	173.0	0.0	-367.0	-23.0	0.0
572.0	189.0	0.0	1325.0	118.0	0.0	-753.0	71.0	0.0
0.0	0.0	0.0	586.0	132.0	0.0	-586.0	-132.0	0.0
150.0	150.0	0.0	1062.0	118.0	0.0	-912.0	32.0	0.0
360.0	150.0	0.0	1614.0	173.0	0.0	-1254.0	-23.0	0.0
169.0	169.0	0.0	474.0	132.0	0.0	-305.0	37.0	0.0
85.0	85.0	765.0	460.0	160.0	0.0	-375.0	-75.0	765.0
0.0	0.0	0.0	632.0	176.0	0.0	-632.0	-176.0	0.0
154.0	154.0	218.0	732.0	112.0	0.0	-578.0	42.0	218.0
0.0	0.0	0.0	388.0	118.0	194.0	-388.0	-118.0	-194.0
444.0	201.0	0.0	1142.0	118.0	0.0	-698.0	83.0	0.0
243.0	243.0	194.0	1084.0	246.0	0.0	-841.0	-3.0	194.0
243.0	243.0	0.0	1138.0	118.0	0.0	-895.0	125.0	0.0
243.0	243.0	0.0	960.0	118.0	0.0	-717.0	125.0	0.0
477.0	131.0	0.0	1022.0	351.0	0.0	-545.0	-220.0	0.0
304.0	150.0	0.0	695.0	133.0	0.0	-391.0	17.0	0.0
0.0	0.0	0.0	826.0	118.0	0.0	-826.0	-118.0	0.0
0.0	0.0	0.0	1110.0	118.0	0.0	-1110.0	-118.0	0.0
520.0	150.0	0.0	1003.0	133.0	0.0	-483.0	17.0	0.0
465.0	269.0	0.0	744.0	176.0	0.0	-279.0	93.0	0.0
694.0	109.0	0.0	1464.0	244.0	0.0	-770.0	-135.0	0.0
808.0	150.0	0.0	1090.0	133.0	0.0	-282.0	17.0	0.0
214.0	214.0	0.0	832.0	118.0	0.0	-618.0	96.0	0.0
0.0	0.0	0.0	1022.0	178.0	0.0	-1022.0	-178.0	0.0
323.0	169.0	0.0	1088.0	223.0	0.0	-765.0	-54.0	0.0
225.0	225.0	0.0	426.0	42.0	0.0	-201.0	183.0	0.0
418.0	109.0	303.0	955.0	132.0	0.0	-537.0	-23.0	303.0
109.0	109.0	85.0	653.0	129.0	364.0	-544.0	-20.0	-279.0
0.0	0.0	0.0	590.0	118.0	0.0	-590.0	-118.0	0.0
0.0	0.0	0.0	118.0	118.0	425.0	-118.0	-118.0	-425.0
510.0	131.0	0.0	1091.0	144.0	0.0	-581.0	-13.0	0.0
150.0	150.0	0.0	882.0	118.0	0.0	-732.0	32.0	0.0
310.0	169.0	0.0	801.0	173.0	0.0	-491.0	-4.0	0.0
0.0	0.0	0.0	362.0	173.0	657.0	-362.0	-173.0	-657.0
655.0	118.0	0.0	751.0	153.0	0.0	-96.0	-35.0	0.0
0.0	0.0	0.0	372.0	118.0	109.0	-372.0	-118.0	-109.0
374.0	243.0	376.0	972.0	158.0	0.0	-598.0	85.0	376.0
433.0	226.0	0.0	898.0	118.0	0.0	-465.0	108.0	0.0
323.0	150.0	85.0	593.0	118.0	85.0	-270.0	32.0	0.0
482.0	150.0	0.0	1361.0	223.0	0.0	-879.0	-73.0	0.0
339.0	189.0	0.0	707.0	173.0	65.0	-368.0	16.0	-65.0
153.0	153.0	483.0	416.0	144.0	85.0	-263.0	9.0	398.0
271.0	271.0	0.0	492.0	42.0	0.0	-221.0	229.0	0.0
569.0	141.0	0.0	1487.0	152.0	0.0	-918.0	-11.0	0.0
841.0	264.0	0.0	1517.0	231.0	0.0	-676.0	33.0	0.0
165.0	165.0	0.0	562.0	118.0	0.0	-397.0	47.0	0.0
438.0	150.0	0.0	1186.0	118.0	0.0	-748.0	32.0	0.0
0.0	0.0	0.0	474.0	118.0	0.0	-474.0	-118.0	0.0
210.0	210.0	0.0	1040.0	90.0	0.0	-830.0	120.0	0.0
85.0	85.0	680.0	384.0	156.0	0.0	-299.0	-71.0	680.0
0.0	0.0	0.0	998.0	132.0	0.0	-998.0	-132.0	0.0
902.0	193.0	0.0	1165.0	118.0	0.0	-263.0	75.0	0.0
0.0	0.0	0.0	836.0	98.0	0.0	-836.0	-98.0	0.0
218.0	129.0	109.0	895.0	153.0	0.0	-677.0	-24.0	109.0
269.0	269.0	85.0	1134.0	112.0	0.0	-865.0	157.0	85.0
231.0	231.0	0.0	608.0	42.0	0.0	-377.0	189.0	0.0
492.0	243.0	120.0	1377.0	231.0	0.0	-885.0	12.0	120.0
504.0	150.0	0.0	1093.0	128.0	0.0	-589.0	22.0	0.0
89.0	89.0	321.0	739.0	130.0	0.0	-650.0	-41.0	321.0
512.0	243.0	0.0	1067.0	133.0	0.0	-555.0	110.0	0.0
150.0	150.0	211.0	828.0	132.0	0.0	-678.0	18.0	211.0
169.0	169.0	0.0	1167.0	173.0	0.0	-998.0	-4.0	0.0
0.0	0.0	0.0	244.0	112.0	85.0	-244.0	-112.0	-85.0
0.0	0.0	0.0	388.0	118.0	170.0	-388.0	-118.0	-170.0
249.0	249.0	364.0	484.0	300.0	0.0	-235.0	-51.0	364.0
0.0	0.0	0.0	772.0	178.0	0.0	-772.0	-178.0	0.0
0.0	0.0	0.0	780.0	156.0	0.0	-780.0	-156.0	0.0
129.0	129.0	303.0	968.0	132.0	0.0	-839.0	-3.0	303.0
0.0	0.0	0.0	742.0	90.0	0.0	-742.0	-90.0	0.0
443.0	129.0	0.0	491.0	133.0	129.0	-48.0	-4.0	-129.0
1198.0	129.0	0.0	674.0	133.0	0.0	524.0	-4.0	0.0
0.0	0.0	0.0	676.0	112.0	0.0	-676.0	-112.0	0.0
214.0	129.0	65.0	728.0	128.0	0.0	-514.0	1.0	65.0
0.0	0.0	0.0	652.0	118.0	0.0	-652.0	-118.0	0.0
579.0	298.0	0.0	1273.0	135.0	0.0	-694.0	163.0	0.0
210.0	210.0	0.0	752.0	132.0	0.0	-542.0	78.0	0.0
345.0	129.0	0.0	850.0	128.0	0.0	-505.0	1.0	0.0
0.0	0.0	0.0	858.0	156.0	0.0	-858.0	-156.0	0.0
0.0	0.0	0.0	462.0	113.0	109.0	-462.0	-113.0	-109.0
934.0	110.0	0.0	1863.0	135.0	0.0	-929.0	-25.0	0.0
304.0	195.0	0.0	837.0	118.0	0.0	-533.0	77.0	0.0
352.0	243.0	0.0	690.0	133.0	0.0	-338.0	110.0	0.0
243.0	243.0	0.0	1120.0	118.0	0.0	-877.0	125.0	0.0
376.0	243.0	0.0	1006.0	118.0	0.0	-630.0	125.0	0.0
0.0	0.0	0.0	1016.0	182.0	0.0	-1016.0	-182.0	0.0
536.0	169.0	0.0	947.0	173.0	109.0	-411.0	-4.0	-109.0
383.0	169.0	0.0	1380.0	200.0	0.0	-997.0	-31.0	0.0
413.0	131.0	0.0	1103.0	173.0	0.0	-690.0	-42.0	0.0
0.0	0.0	0.0	118.0	118.0	0.0	-118.0	-118.0	0.0
169.0	169.0	109.0	820.0	173.0	109.0	-651.0	-4.0	0.0
210.0	210.0	0.0	354.0	118.0	0.0	-144.0	92.0	0.0
396.0	138.0	0.0	679.0	118.0	0.0	-283.0	20.0	0.0
0.0	0.0	0.0	624.0	156.0	109.0	-624.0	-156.0	-109.0
322.0	169.0	0.0	844.0	133.0	0.0	-522.0	36.0	0.0
379.0	169.0	0.0	1260.0	177.0	0.0	-881.0	-8.0	0.0
497.0	150.0	0.0	1068.0	173.0	0.0	-571.0	-23.0	0.0
129.0	129.0	338.0	1288.0	153.0	0.0	-1159.0	-24.0	338.0
0.0	0.0	0.0	392.0	118.0	109.0	-392.0	-118.0	-109.0
246.0	246.0	0.0	1040.0	42.0	0.0	-794.0	204.0	0.0
0.0	0.0	0.0	1023.0	112.0	0.0	-1023.0	-112.0	0.0
511.0	342.0	0.0	1021.0	134.0	0.0	-510.0	208.0	0.0
0.0	0.0	0.0	674.0	118.0	0.0	-674.0	-118.0	0.0
363.0	243.0	0.0	845.0	118.0	0.0	-482.0	125.0	0.0
399.0	189.0	0.0	1793.0	563.0	0.0	-1394.0	-374.0	0.0
0.0	0.0	0.0	982.0	176.0	0.0	-982.0	-176.0	0.0
105.0	105.0	315.0	1038.0	162.0	0.0	-933.0	-57.0	315.0
125.0	125.0	85.0	944.0	112.0	0.0	-819.0	13.0	85.0
0.0	0.0	0.0	1154.0	112.0	0.0	-1154.0	-112.0	0.0
654.0	109.0	0.0	667.0	113.0	0.0	-13.0	-4.0	0.0
210.0	210.0	0.0	546.0	200.0	0.0	-336.0	10.0	0.0
300.0	131.0	0.0	758.0	351.0	0.0	-458.0	-220.0	0.0
0.0	0.0	0.0	1046.0	90.0	0.0	-1046.0	-90.0	0.0
0.0	0.0	0.0	520.0	134.0	0.0	-520.0	-134.0	0.0
85.0	85.0	833.0	552.0	118.0	0.0	-467.0	-33.0	833.0
679.0	227.0	0.0	1491.0	329.0	0.0	-812.0	-102.0	0.0
0.0	0.0	0.0	426.0	158.0	0.0	-426.0	-158.0	0.0
120.0	120.0	686.0	1253.0	118.0	0.0	-1133.0	2.0	686.0
574.0	129.0	109.0	1144.0	133.0	0.0	-570.0	-4.0	109.0
322.0	153.0	0.0	1084.0	118.0	0.0	-762.0	35.0	0.0
196.0	196.0	0.0	728.0	178.0	0.0	-532.0	18.0	0.0
0.0	0.0	0.0	821.0	140.0	0.0	-821.0	-140.0	0.0
334.0	169.0	0.0	1225.0	173.0	0.0	-891.0	-4.0	0.0
577.0	109.0	0.0	601.0	42.0	0.0	-24.0	67.0	0.0
281.0	131.0	0.0	1007.0	351.0	0.0	-726.0	-220.0	0.0
304.0	175.0	0.0	1429.0	329.0	0.0	-1125.0	-154.0	0.0
194.0	109.0	538.0	887.0	132.0	0.0	-693.0	-23.0	538.0
0.0	0.0	0.0	698.0	228.0	0.0	-698.0	-228.0	0.0
207.0	207.0	387.0	932.0	118.0	0.0	-725.0	89.0	387.0
512.0	233.0	0.0	1407.0	231.0	0.0	-895.0	2.0	0.0
688.0	131.0	0.0	1203.0	128.0	0.0	-515.0	3.0	0.0
0.0	0.0	0.0	722.0	138.0	0.0	-722.0	-138.0	0.0
0.0	0.0	0.0	1020.0	112.0	0.0	-1020.0	-112.0	0.0
0.0	0.0	0.0	864.0	118.0	85.0	-864.0	-118.0	-85.0
169.0	169.0	0.0	969.0	133.0	0.0	-800.0	36.0	0.0
345.0	129.0	0.0	905.0	128.0	0.0	-560.0	1.0	0.0
210.0	210.0	728.0	224.0	112.0	388.0	-14.0	98.0	340.0
0.0	0.0	0.0	246.0	128.0	0.0	-246.0	-128.0	0.0
612.0	150.0	0.0	992.0	133.0	0.0	-380.0	17.0	0.0
254.0	169.0	0.0	1001.0	177.0	0.0	-747.0	-8.0	0.0
0.0	0.0	0.0	793.0	207.0	351.0	-793.0	-207.0	-351.0
150.0	150.0	0.0	1378.0	173.0	0.0	-1228.0	-23.0	0.0
283.0	129.0	0.0	1381.0	133.0	0.0	-1098.0	-4.0	0.0
1141.0	520.0	0.0	860.0	133.0	0.0	281.0	387.0	0.0
454.0	109.0	0.0	419.0	133.0	0.0	35.0	-24.0	0.0
0.0	0.0	0.0	958.0	132.0	0.0	-958.0	-132.0	0.0
0.0	0.0	0.0	967.0	98.0	0.0	-967.0	-98.0	0.0
0.0	0.0	0.0	858.0	156.0	0.0	-858.0	-156.0	0.0
243.0	243.0	449.0	934.0	128.0	0.0	-691.0	115.0	449.0
397.0	129.0	0.0	1407.0	133.0	0.0	-1010.0	-4.0	0.0
210.0	210.0	0.0	482.0	118.0	0.0	-272.0	92.0	0.0
0.0	0.0	0.0	572.0	128.0	0.0	-572.0	-128.0	0.0
0.0	0.0	0.0	844.0	112.0	0.0	-844.0	-112.0	0.0
448.0	129.0	0.0	1247.0	206.0	0.0	-799.0	-77.0	0.0
0.0	0.0	0.0	871.0	118.0	0.0	-871.0	-118.0	0.0
169.0	169.0	678.0	669.0	321.0	0.0	-500.0	-152.0	678.0
666.0	129.0	0.0	1038.0	118.0	0.0	-372.0	11.0	0.0
1052.0	210.0	0.0	1660.0	118.0	0.0	-608.0	92.0	0.0
0.0	0.0	0.0	366.0	206.0	340.0	-366.0	-206.0	-340.0
220.0	220.0	0.0	818.0	230.0	0.0	-598.0	-10.0	0.0
129.0	129.0	0.0	529.0	153.0	0.0	-400.0	-24.0	0.0
239.0	150.0	114.0	986.0	145.0	0.0	-747.0	5.0	114.0
315.0	210.0	0.0	472.0	118.0	0.0	-157.0	92.0	0.0
0.0	0.0	0.0	839.0	112.0	0.0	-839.0	-112.0	0.0
0.0	0.0	0.0	814.0	112.0	0.0	-814.0	-112.0	0.0
0.0	0.0	0.0	671.0	178.0	45.0	-671.0	-178.0	-45.0
0.0	0.0	0.0	1116.0	156.0	0.0	-1116.0	-156.0	0.0
85.0	85.0	807.0	346.0	228.0	194.0	-261.0	-143.0	613.0
0.0	0.0	0.0	309.0	118.0	109.0	-309.0	-118.0	-109.0
341.0	210.0	0.0	946.0	128.0	210.0	-605.0	82.0	-210.0
383.0	165.0	0.0	867.0	173.0	0.0	-484.0	-8.0	0.0
0.0	0.0	0.0	582.0	118.0	85.0	-582.0	-118.0	-85.0
0.0	0.0	0.0	368.0	118.0	0.0	-368.0	-118.0	0.0
0.0	0.0	0.0	870.0	92.0	0.0	-870.0	-92.0	0.0
0.0	0.0	0.0	954.0	118.0	0.0	-954.0	-118.0	0.0
301.0	301.0	0.0	815.0	118.0	0.0	-514.0	183.0	0.0
408.0	169.0	0.0	659.0	177.0	0.0	-251.0	-8.0	0.0
0.0	0.0	0.0	1015.0	132.0	0.0	-1015.0	-132.0	0.0
150.0	150.0	0.0	708.0	118.0	0.0	-558.0	32.0	0.0
0.0	0.0	0.0	1232.0	224.0	0.0	-1232.0	-224.0	0.0
0.0	0.0	0.0	694.0	132.0	0.0	-694.0	-132.0	0.0
408.0	169.0	0.0	1191.0	175.0	0.0	-783.0	-6.0	0.0
598.0	131.0	0.0	1158.0	113.0	0.0	-560.0	18.0	0.0
0.0	0.0	0.0	582.0	118.0	0.0	-582.0	-118.0	0.0
131.0	131.0	519.0	466.0	118.0	0.0	-335.0	13.0	519.0
0.0	0.0	0.0	494.0	132.0	0.0	-494.0	-132.0	0.0
0.0	0.0	0.0	834.0	235.0	194.0	-834.0	-235.0	-194.0
0.0	0.0	0.0	610.0	158.0	303.0	-610.0	-158.0	-303.0
0.0	0.0	0.0	208.0	90.0	194.0	-208.0	-90.0	-194.0
1106.0	451.0	0.0	504.0	135.0	0.0	602.0	316.0	0.0
0.0	0.0	0.0	850.0	118.0	0.0	-850.0	-118.0	0.0
150.0	150.0	109.0	315.0	79.0	218.0	-165.0	71.0	-109.0
125.0	125.0	837.0	1008.0	230.0	0.0	-883.0	-105.0	837.0
283.0	129.0	109.0	901.0	221.0	0.0	-618.0	-92.0	109.0
303.0	150.0	0.0	1550.0	351.0	0.0	-1247.0	-201.0	0.0
512.0	169.0	0.0	1235.0	341.0	0.0	-723.0	-172.0	0.0
623.0	157.0	0.0	1405.0	221.0	0.0	-782.0	-64.0	0.0
0.0	0.0	0.0	590.0	132.0	0.0	-590.0	-132.0	0.0
360.0	210.0	0.0	1602.0	206.0	0.0	-1242.0	4.0	0.0
0.0	0.0	0.0	744.0	132.0	0.0	-744.0	-132.0	0.0
0.0	0.0	0.0	812.0	112.0	0.0	-812.0	-112.0	0.0
407.0	233.0	0.0	1497.0	145.0	0.0	-1090.0	88.0	0.0
359.0	141.0	0.0	749.0	145.0	0.0	-390.0	-4.0	0.0
275.0	125.0	108.0	773.0	202.0	0.0	-498.0	-77.0	108.0
0.0	0.0	0.0	784.0	132.0	0.0	-784.0	-132.0	0.0
0.0	0.0	0.0	1306.0	132.0	0.0	-1306.0	-132.0	0.0
210.0	210.0	0.0	1060.0	206.0	0.0	-850.0	4.0	0.0
210.0	210.0	0.0	712.0	128.0	0.0	-502.0	82.0	0.0
210.0	210.0	0.0	984.0	118.0	0.0	-774.0	92.0	0.0
109.0	109.0	0.0	286.0	173.0	0.0	-177.0	-64.0	0.0
0.0	0.0	0.0	824.0	118.0	0.0	-824.0	-118.0	0.0
260.0	129.0	0.0	653.0	133.0	0.0	-393.0	-4.0	0.0
359.0	141.0	0.0	1289.0	139.0	0.0	-930.0	2.0	0.0
0.0	0.0	0.0	1036.0	206.0	0.0	-1036.0	-206.0	0.0
169.0	169.0	471.0	901.0	138.0	170.0	-732.0	31.0	301.0
169.0	169.0	0.0	646.0	173.0	0.0	-477.0	-4.0	0.0
301.0	150.0	0.0	1072.0	113.0	0.0	-771.0	37.0	0.0
606.0	150.0	0.0	1167.0	133.0	0.0	-561.0	17.0	0.0
0.0	0.0	0.0	774.0	173.0	0.0	-774.0	-173.0	0.0
0.0	0.0	0.0	498.0	118.0	0.0	-498.0	-118.0	0.0
618.0	169.0	0.0	1249.0	173.0	0.0	-631.0	-4.0	0.0
480.0	129.0	0.0	857.0	133.0	0.0	-377.0	-4.0	0.0
0.0	0.0	0.0	1076.0	118.0	0.0	-1076.0	-118.0	0.0
0.0	0.0	0.0	576.0	118.0	234.0	-576.0	-118.0	-234.0
210.0	210.0	0.0	947.0	118.0	0.0	-737.0	92.0	0.0
0.0	0.0	0.0	865.0	207.0	0.0	-865.0	-207.0	0.0
243.0	243.0	0.0	791.0	167.0	0.0	-548.0	76.0	0.0
0.0	0.0	0.0	630.0	118.0	85.0	-630.0	-118.0	-85.0
453.0	243.0	0.0	1090.0	118.0	0.0	-637.0	125.0	0.0
109.0	109.0	447.0	1275.0	124.0	0.0	-1166.0	-15.0	447.0
0.0	0.0	0.0	592.0	92.0	0.0	-592.0	-92.0	0.0
0.0	0.0	0.0	678.0	112.0	0.0	-678.0	-112.0	0.0
341.0	210.0	0.0	510.0	146.0	0.0	-169.0	64.0	0.0
0.0	0.0	0.0	870.0	112.0	0.0	-870.0	-112.0	0.0
0.0	0.0	0.0	1176.0	162.0	0.0	-1176.0	-162.0	0.0
351.0	109.0	0.0	361.0	228.0	479.0	-10.0	-119.0	-479.0
236.0	151.0	218.0	624.0	132.0	0.0	-388.0	19.0	218.0
150.0	150.0	298.0	326.0	90.0	0.0	-176.0	60.0	298.0
200.0	200.0	0.0	836.0	42.0	0.0	-636.0	158.0	0.0
0.0	0.0	0.0	323.0	118.0	0.0	-323.0	-118.0	0.0
332.0	143.0	0.0	938.0	64.0	0.0	-606.0	79.0	0.0
294.0	129.0	0.0	911.0	42.0	0.0	-617.0	87.0	0.0
1108.0	370.0	0.0	793.0	133.0	479.0	315.0	237.0	-479.0
0.0	0.0	0.0	985.0	132.0	0.0	-985.0	-132.0	0.0
972.0	150.0	0.0	1713.0	173.0	0.0	-741.0	-23.0	0.0
234.0	109.0	0.0	939.0	128.0	0.0	-705.0	-19.0	0.0
427.0	109.0	170.0	831.0	113.0	170.0	-404.0	-4.0	0.0
304.0	150.0	0.0	1033.0	173.0	0.0	-729.0	-23.0	0.0
0.0	0.0	0.0	274.0	146.0	0.0	-274.0	-146.0	0.0
194.0	194.0	0.0	1208.0	112.0	0.0	-1014.0	82.0	0.0
811.0	351.0	0.0	1478.0	417.0	0.0	-667.0	-66.0	0.0
496.0	129.0	0.0	1206.0	133.0	0.0	-710.0	-4.0	0.0
210.0	210.0	170.0	158.0	158.0	255.0	52.0	52.0	-85.0
1016.0	129.0	170.0	1206.0	221.0	0.0	-190.0	-92.0	170.0
0.0	0.0	0.0	769.0	173.0	109.0	-769.0	-173.0	-109.0
263.0	129.0	0.0	822.0	133.0	0.0	-559.0	-4.0	0.0
369.0	129.0	111.0	1367.0	112.0	0.0	-998.0	17.0	111.0
398.0	129.0	169.0	745.0	180.0	0.0	-347.0	-51.0	169.0
0.0	0.0	0.0	570.0	178.0	0.0	-570.0	-178.0	0.0
227.0	227.0	0.0	930.0	118.0	0.0	-703.0	109.0	0.0
323.0	169.0	0.0	615.0	177.0	0.0	-292.0	-8.0	0.0
0.0	0.0	0.0	307.0	134.0	541.0	-307.0	-134.0	-541.0
342.0	342.0	0.0	467.0	349.0	0.0	-125.0	-7.0	0.0
574.0	169.0	0.0	1511.0	173.0	0.0	-937.0	-4.0	0.0
730.0	303.0	0.0	1578.0	118.0	0.0	-848.0	185.0	0.0
0.0	0.0	0.0	864.0	178.0	0.0	-864.0	-178.0	0.0
0.0	0.0	0.0	604.0	118.0	0.0	-604.0	-118.0	0.0
470.0	157.0	0.0	1213.0	235.0	109.0	-743.0	-78.0	-109.0
189.0	189.0	0.0	522.0	156.0	85.0	-333.0	33.0	-85.0
343.0	154.0	85.0	1034.0	178.0	0.0	-691.0	-24.0	85.0
157.0	157.0	711.0	891.0	112.0	0.0	-734.0	45.0	711.0
315.0	150.0	0.0	1092.0	113.0	0.0	-777.0	37.0	0.0
336.0	207.0	85.0	928.0	128.0	0.0	-592.0	79.0	85.0
0.0	0.0	0.0	907.0	162.0	194.0	-907.0	-162.0	-194.0
414.0	414.0	0.0	1527.0	397.0	0.0	-1113.0	17.0	0.0
343.0	109.0	0.0	791.0	42.0	0.0	-448.0	67.0	0.0
564.0	150.0	0.0	974.0	42.0	0.0	-410.0	108.0	0.0
920.0	150.0	0.0	1408.0	231.0	0.0	-488.0	-81.0	0.0
528.0	210.0	0.0	1462.0	173.0	0.0	-934.0	37.0	0.0
0.0	0.0	0.0	1349.0	132.0	0.0	-1349.0	-132.0	0.0
210.0	210.0	0.0	750.0	132.0	0.0	-540.0	78.0	0.0
511.0	232.0	0.0	1369.0	162.0	0.0	-858.0	70.0	0.0
0.0	0.0	0.0	697.0	351.0	0.0	-697.0	-351.0	0.0
345.0	129.0	0.0	1174.0	133.0	0.0	-829.0	-4.0	0.0
240.0	131.0	0.0	626.0	113.0	131.0	-386.0	18.0	-131.0
424.0	150.0	0.0	775.0	157.0	0.0	-351.0	-7.0	0.0
454.0	109.0	0.0	1041.0	173.0	0.0	-587.0	-64.0	0.0
210.0	210.0	0.0	764.0	132.0	0.0	-554.0	78.0	0.0
243.0	243.0	0.0	1164.0	112.0	0.0	-921.0	131.0	0.0
210.0	210.0	0.0	950.0	206.0	0.0	-740.0	4.0	0.0
238.0	129.0	0.0	911.0	118.0	0.0	-673.0	11.0	0.0
835.0	150.0	175.0	1685.0	132.0	0.0	-850.0	18.0	175.0
246.0	246.0	0.0	486.0	132.0	0.0	-240.0	114.0	0.0
129.0	129.0	145.0	884.0	224.0	0.0	-755.0	-95.0	145.0
0.0	0.0	0.0	484.0	182.0	109.0	-484.0	-182.0	-109.0
150.0	150.0	0.0	459.0	173.0	0.0	-309.0	-23.0	0.0
379.0	169.0	0.0	1578.0	118.0	0.0	-1199.0	51.0	0.0
493.0	129.0	0.0	1470.0	173.0	0.0	-977.0	-44.0	0.0
0.0	0.0	0.0	736.0	158.0	218.0	-736.0	-158.0	-218.0
339.0	150.0	0.0	805.0	173.0	0.0	-466.0	-23.0	0.0
0.0	0.0	0.0	603.0	173.0	0.0	-603.0	-173.0	0.0
0.0	0.0	0.0	702.0	118.0	170.0	-702.0	-118.0	-170.0
0.0	0.0	0.0	418.0	132.0	424.0	-418.0	-132.0	-424.0
270.0	129.0	0.0	837.0	133.0	0.0	-567.0	-4.0	0.0
432.0	169.0	0.0	1257.0	180.0	0.0	-825.0	-11.0	0.0
1485.0	175.0	0.0	1400.0	189.0	0.0	85.0	-14.0	0.0
210.0	210.0	0.0	354.0	118.0	0.0	-144.0	92.0	0.0
821.0	129.0	0.0	1376.0	133.0	0.0	-555.0	-4.0	0.0
440.0	154.0	213.0	1160.0	132.0	0.0	-720.0	22.0	213.0
345.0	129.0	0.0	901.0	113.0	0.0	-556.0	16.0	0.0
210.0	210.0	0.0	830.0	206.0	0.0	-620.0	4.0	0.0
0.0	0.0	0.0	695.0	133.0	0.0	-695.0	-133.0	0.0
0.0	0.0	0.0	476.0	118.0	0.0	-476.0	-118.0	0.0
367.0	129.0	0.0	1118.0	133.0	0.0	-751.0	-4.0	0.0
210.0	210.0	0.0	570.0	206.0	0.0	-360.0	4.0	0.0
447.0	129.0	0.0	776.0	133.0	0.0	-329.0	-4.0	0.0
729.0	210.0	357.0	1180.0	118.0	0.0	-451.0	92.0	357.0
129.0	129.0	348.0	1284.0	231.0	0.0	-1155.0	-102.0	348.0
189.0	189.0	510.0	606.0	158.0	85.0	-417.0	31.0	425.0
652.0	394.0	0.0	1662.0	132.0	0.0	-1010.0	262.0	0.0
475.0	129.0	0.0	1241.0	133.0	0.0	-766.0	-4.0	0.0
157.0	157.0	0.0	1033.0	118.0	0.0	-876.0	39.0	0.0
705.0	169.0	0.0	730.0	223.0	0.0	-25.0	-54.0	0.0
0.0	0.0	0.0	580.0	118.0	0.0	-580.0	-118.0	0.0
531.0	189.0	0.0	1217.0	173.0	0.0	-686.0	16.0	0.0
0.0	0.0	0.0	838.0	178.0	0.0	-838.0	-178.0	0.0
477.0	131.0	0.0	1515.0	175.0	131.0	-1038.0	-44.0	-131.0
477.0	129.0	0.0	1091.0	113.0	0.0	-614.0	16.0	0.0
303.0	149.0	0.0	473.0	177.0	0.0	-170.0	-28.0	0.0
150.0	150.0	473.0	950.0	118.0	109.0	-800.0	32.0	364.0
150.0	150.0	109.0	1358.0	128.0	0.0	-1208.0	22.0	109.0
129.0	129.0	0.0	1071.0	118.0	0.0	-942.0	11.0	0.0
748.0	150.0	0.0	1453.0	173.0	0.0	-705.0	-23.0	0.0
129.0	129.0	0.0	692.0	128.0	0.0	-563.0	1.0	0.0
551.0	129.0	0.0	1012.0	133.0	0.0	-461.0	-4.0	0.0
243.0	243.0	399.0	868.0	132.0	0.0	-625.0	111.0	399.0
401.0	129.0	0.0	1065.0	332.0	0.0	-664.0	-203.0	0.0
395.0	129.0	0.0	1258.0	133.0	0.0	-863.0	-4.0	0.0
0.0	0.0	0.0	980.0	132.0	0.0	-980.0	-132.0	0.0
621.0	165.0	0.0	1284.0	158.0	0.0	-663.0	7.0	0.0
761.0	129.0	0.0	1269.0	113.0	0.0	-508.0	16.0	0.0
736.0	312.0	0.0	951.0	133.0	0.0	-215.0	179.0	0.0
681.0	129.0	0.0	1489.0	223.0	0.0	-808.0	-94.0	0.0
689.0	186.0	0.0	1561.0	133.0	0.0	-872.0	53.0	0.0
0.0	0.0	0.0	326.0	118.0	383.0	-326.0	-118.0	-383.0
762.0	150.0	0.0	1142.0	128.0	0.0	-380.0	22.0	0.0
129.0	129.0	0.0	511.0	118.0	0.0	-382.0	11.0	0.0
0.0	0.0	0.0	1198.0	112.0	0.0	-1198.0	-112.0	0.0
129.0	129.0	217.0	626.0	118.0	0.0	-497.0	11.0	217.0
439.0	196.0	0.0	609.0	337.0	0.0	-170.0	-141.0	0.0
322.0	169.0	85.0	561.0	175.0	85.0	-239.0	-6.0	0.0
679.0	169.0	0.0	1117.0	173.0	0.0	-438.0	-4.0	0.0
732.0	157.0	0.0	758.0	134.0	0.0	-26.0	23.0	0.0
0.0	0.0	0.0	879.0	133.0	0.0	-879.0	-133.0	0.0
536.0	169.0	0.0	1157.0	177.0	0.0	-621.0	-8.0	0.0
417.0	131.0	0.0	885.0	351.0	0.0	-468.0	-220.0	0.0
243.0	243.0	0.0	894.0	118.0	0.0	-651.0	125.0	0.0
517.0	150.0	0.0	1663.0	133.0	0.0	-1146.0	17.0	0.0
707.0	129.0	0.0	847.0	177.0	0.0	-140.0	-48.0	0.0
354.0	354.0	0.0	580.0	192.0	0.0	-226.0	162.0	0.0
0.0	0.0	0.0	326.0	118.0	192.0	-326.0	-118.0	-192.0
0.0	0.0	0.0	236.0	118.0	0.0	-236.0	-118.0	0.0
554.0	169.0	0.0	1025.0	133.0	0.0	-471.0	36.0	0.0
0.0	0.0	0.0	845.0	118.0	0.0	-845.0	-118.0	0.0
157.0	157.0	109.0	992.0	128.0	0.0	-835.0	29.0	109.0
210.0	210.0	0.0	836.0	206.0	0.0	-626.0	4.0	0.0
1300.0	129.0	0.0	1262.0	135.0	0.0	38.0	-6.0	0.0
109.0	109.0	85.0	1007.0	118.0	85.0	-898.0	-9.0	0.0
419.0	129.0	0.0	1095.0	133.0	0.0	-676.0	-4.0	0.0
252.0	109.0	0.0	985.0	130.0	0.0	-733.0	-21.0	0.0
564.0	110.0	0.0	1215.0	133.0	0.0	-651.0	-23.0	0.0
0.0	0.0	0.0	708.0	118.0	0.0	-708.0	-118.0	0.0
439.0	169.0	0.0	1217.0	177.0	0.0	-778.0	-8.0	0.0
255.0	255.0	0.0	727.0	90.0	0.0	-472.0	165.0	0.0
420.0	109.0	0.0	1047.0	133.0	0.0	-627.0	-24.0	0.0
109.0	109.0	85.0	695.0	113.0	85.0	-586.0	-4.0	0.0
318.0	318.0	327.0	812.0	132.0	0.0	-494.0	186.0	327.0
69.0	69.0	0.0	534.0	118.0	0.0	-465.0	-49.0	0.0
259.0	109.0	0.0	865.0	133.0	0.0	-606.0	-24.0	0.0
0.0	0.0	0.0	798.0	132.0	0.0	-798.0	-132.0	0.0
669.0	110.0	0.0	1093.0	162.0	0.0	-424.0	-52.0	0.0
0.0	0.0	0.0	770.0	178.0	0.0	-770.0	-178.0	0.0
252.0	252.0	0.0	1172.0	180.0	0.0	-920.0	72.0	0.0
618.0	282.0	0.0	752.0	118.0	282.0	-134.0	164.0	-282.0
105.0	105.0	812.0	690.0	92.0	0.0	-585.0	13.0	812.0
0.0	0.0	0.0	762.0	130.0	0.0	-762.0	-130.0	0.0
989.0	249.0	0.0	1488.0	365.0	0.0	-499.0	-116.0	0.0
309.0	169.0	0.0	761.0	177.0	0.0	-452.0	-8.0	0.0
0.0	0.0	0.0	678.0	132.0	0.0	-678.0	-132.0	0.0
477.0	131.0	0.0	1113.0	351.0	0.0	-636.0	-220.0	0.0
220.0	220.0	0.0	544.0	202.0	0.0	-324.0	18.0	0.0
200.0	200.0	0.0	1164.0	278.0	0.0	-964.0	-78.0	0.0
0.0	0.0	0.0	584.0	118.0	0.0	-584.0	-118.0	0.0
0.0	0.0	0.0	834.0	156.0	0.0	-834.0	-156.0	0.0
243.0	243.0	229.0	454.0	206.0	0.0	-211.0	37.0	229.0
151.0	151.0	0.0	957.0	132.0	0.0	-806.0	19.0	0.0
0.0	0.0	0.0	650.0	132.0	0.0	-650.0	-132.0	0.0
0.0	0.0	0.0	932.0	118.0	0.0	-932.0	-118.0	0.0
0.0	0.0	0.0	546.0	132.0	0.0	-546.0	-132.0	0.0
0.0	0.0	0.0	914.0	206.0	0.0	-914.0	-206.0	0.0
480.0	245.0	0.0	1109.0	133.0	0.0	-629.0	112.0	0.0
981.0	208.0	0.0	819.0	133.0	0.0	162.0	75.0	0.0
210.0	210.0	0.0	398.0	132.0	0.0	-188.0	78.0	0.0
0.0	0.0	0.0	811.0	130.0	0.0	-811.0	-130.0	0.0
129.0	129.0	214.0	788.0	112.0	0.0	-659.0	17.0	214.0
440.0	355.0	0.0	854.0	112.0	0.0	-414.0	243.0	0.0
1127.0	416.0	0.0	1268.0	133.0	0.0	-141.0	283.0	0.0
0.0	0.0	0.0	1146.0	90.0	0.0	-1146.0	-90.0	0.0
361.0	216.0	327.0	1105.0	118.0	0.0	-744.0	98.0	327.0
270.0	129.0	0.0	1249.0	133.0	0.0	-979.0	-4.0	0.0
441.0	129.0	85.0	1347.0	231.0	0.0	-906.0	-102.0	85.0
318.0	129.0	0.0	1134.0	133.0	0.0	-816.0	-4.0	0.0
489.0	129.0	0.0	1185.0	133.0	0.0	-696.0	-4.0	0.0
304.0	150.0	0.0	807.0	156.0	0.0	-503.0	-6.0	0.0
0.0	0.0	0.0	616.0	132.0	0.0	-616.0	-132.0	0.0
85.0	85.0	700.0	576.0	176.0	0.0	-491.0	-91.0	700.0
0.0	0.0	0.0	544.0	112.0	0.0	-544.0	-112.0	0.0
0.0	0.0	0.0	970.0	128.0	0.0	-970.0	-128.0	0.0
611.0	233.0	0.0	1355.0	231.0	0.0	-744.0	2.0	0.0
347.0	169.0	0.0	1030.0	223.0	0.0	-683.0	-54.0	0.0
253.0	253.0	0.0	534.0	118.0	0.0	-281.0	135.0	0.0
143.0	143.0	0.0	1206.0	128.0	0.0	-1063.0	15.0	0.0
409.0	131.0	0.0	849.0	155.0	0.0	-440.0	-24.0	0.0
345.0	129.0	0.0	1223.0	206.0	0.0	-878.0	-77.0	0.0
150.0	150.0	358.0	882.0	128.0	0.0	-732.0	22.0	358.0
231.0	231.0	0.0	722.0	42.0	0.0	-491.0	189.0	0.0
129.0	129.0	0.0	1533.0	138.0	0.0	-1404.0	-9.0	0.0
585.0	210.0	194.0	1000.0	206.0	0.0	-415.0	4.0	194.0
0.0	0.0	0.0	610.0	128.0	109.0	-610.0	-128.0	-109.0
210.0	210.0	0.0	1005.0	138.0	0.0	-795.0	72.0	0.0
1146.0	129.0	0.0	1351.0	223.0	0.0	-205.0	-94.0	0.0
109.0	109.0	532.0	476.0	112.0	170.0	-367.0	-3.0	362.0
272.0	129.0	0.0	827.0	133.0	0.0	-555.0	-4.0	0.0
626.0	150.0	0.0	1654.0	177.0	0.0	-1028.0	-27.0	0.0
525.0	169.0	0.0	1283.0	177.0	0.0	-758.0	-8.0	0.0
470.0	129.0	0.0	1017.0	138.0	0.0	-547.0	-9.0	0.0
0.0	0.0	0.0	500.0	132.0	109.0	-500.0	-132.0	-109.0
0.0	0.0	0.0	474.0	178.0	0.0	-474.0	-178.0	0.0
665.0	286.0	0.0	1339.0	173.0	0.0	-674.0	113.0	0.0
150.0	150.0	0.0	812.0	173.0	0.0	-662.0	-23.0	0.0
0.0	0.0	0.0	818.0	92.0	0.0	-818.0	-92.0	0.0
109.0	109.0	0.0	1010.0	118.0	0.0	-901.0	-9.0	0.0
211.0	211.0	0.0	446.0	42.0	0.0	-235.0	169.0	0.0
465.0	211.0	0.0	957.0	113.0	0.0	-492.0	98.0	0.0
0.0	0.0	0.0	592.0	134.0	190.0	-592.0	-134.0	-190.0
250.0	250.0	0.0	704.0	90.0	250.0	-454.0	160.0	-250.0
321.0	169.0	0.0	1199.0	173.0	0.0	-878.0	-4.0	0.0
109.0	109.0	219.0	947.0	118.0	0.0	-838.0	-9.0	219.0
360.0	150.0	0.0	1235.0	135.0	0.0	-875.0	15.0	0.0
0.0	0.0	0.0	688.0	118.0	0.0	-688.0	-118.0	0.0
359.0	169.0	0.0	724.0	113.0	0.0	-365.0	56.0	0.0
339.0	210.0	0.0	846.0	206.0	0.0	-507.0	4.0	0.0
0.0	0.0	0.0	452.0	132.0	0.0	-452.0	-132.0	0.0
0.0	0.0	0.0	754.0	90.0	0.0	-754.0	-90.0	0.0
0.0	0.0	0.0	710.0	118.0	0.0	-710.0	-118.0	0.0
0.0	0.0	0.0	382.0	118.0	364.0	-382.0	-118.0	-364.0
0.0	0.0	0.0	614.0	132.0	0.0	-614.0	-132.0	0.0
169.0	169.0	0.0	868.0	133.0	0.0	-699.0	36.0	0.0
0.0	0.0	0.0	852.0	206.0	0.0	-852.0	-206.0	0.0
561.0	169.0	109.0	1204.0	128.0	0.0	-643.0	41.0	109.0
1154.0	129.0	0.0	1514.0	133.0	0.0	-360.0	-4.0	0.0
319.0	210.0	0.0	1357.0	206.0	0.0	-1038.0	4.0	0.0
85.0	85.0	818.0	756.0	118.0	0.0	-671.0	-33.0	818.0
0.0	0.0	0.0	1047.0	156.0	0.0	-1047.0	-156.0	0.0
0.0	0.0	0.0	1126.0	118.0	0.0	-1126.0	-118.0	0.0
461.0	150.0	0.0	1024.0	235.0	0.0	-563.0	-85.0	0.0
210.0	210.0	0.0	1146.0	128.0	0.0	-936.0	82.0	0.0
0.0	0.0	0.0	632.0	132.0	0.0	-632.0	-132.0	0.0
169.0	169.0	521.0	596.0	112.0	327.0	-427.0	57.0	194.0
276.0	129.0	0.0	1223.0	90.0	0.0	-947.0	39.0	0.0
903.0	542.0	0.0	648.0	42.0	0.0	255.0	500.0	0.0
457.0	131.0	0.0	1209.0	351.0	0.0	-752.0	-220.0	0.0
0.0	0.0	0.0	546.0	112.0	0.0	-546.0	-112.0	0.0
0.0	0.0	0.0	936.0	112.0	85.0	-936.0	-112.0	-85.0