1.0	1	0.25	1	0.0	0	0.0	0	0.0	0	1.0	1	0.0	0	0.0	0	0.0	0	0.0	0	0.0	0	0.0	0	0.5	1	0.0	0	0.0	0	0.0	0	0.0	0	0.0	0	0.0	0	0.0	0	0.0	0	0.0	0	1.0	1	-0.25	0	0.0	0	0.0	0	0.0	0	1.0	1	0.0	0	0.0	0	0.0	0	0.0	0	0.0	0	
0.5	1	0.5	2	0.0	0	0.0	0	0.0	0	0.0	0	0.0	0	0.0	0	0.5	1	0.0	0	0.0	0	0.0	0	0.5	2	0.0	0	0.0	0	0.0	0	0.0	0	0.0	0	0.333333333333	1	0.0	0	0.0	0	0.0	0	0.5	1	0.0	0	0.0	0	0.0	0	0.0	0	0.0	0	0.0	0	-0.333333333333	-1	0.5	1	0.0	0	0.0	0	
0.0	0	0.0	0	0.0	0	0.0	0	0.0	0	0.0	0	0.0	0	0.0	0	0.0	0	0.0	0	0.0	0	0.0	0	0.0	0	0.0	0	0.0	0	0.0	0	0.0	0	0.0	0	0.333333333333	1	0.0	0	0.0	0	0.0	0	0.0	0	0.0	0	0.0	0	0.0	0	0.0	0	0.0	0	0.0	0	-0.333333333333	-1	0.0	0	0.0	0	0.0	0	
1.0	1	1.0	4	0.0	0	0.0	0	0.0	0	0.0	0	0.0	0	0.0	0	0.0	0	0.0	0	0.0	0	0.0	0	0.0	0	0.0	0	0.0	0	0.0	0	0.0	0	0.0	0	0.0	0	0.0	0	0.0	0	0.0	0	1.0	1	1.0	4	0.0	0	0.0	0	0.0	0	0.0	0	0.0	0	0.0	0	0.0	0	0.0	0	0.0	0	
0.333333333333	2	0.25	2	0.0	0	0.0	0	0.0	0	0.0	0	0.0	0	0.0	0	0.0	0	0.0	0	0.0	0	0.0	0	0.5	2	0.0	0	0.0	0	0.0	0	0.0	0	0.0	0	0.0	0	0.0	0	0.333333333333	1	0.0	0	0.333333333333	2	-0.25	0	0.0	0	0.0	0	0.0	0	0.0	0	0.0	0	0.0	0	0.0	0	-0.333333333333	-1	0.0	0	
0.0	0	1.0	4	0.0	0	0.0	0	0.0	0	0.0	0	0.0	0	0.0	0	0.0	0	0.0	0	0.0	0	0.0	0	0.5	3	0.0	0	0.0	0	0.0	0	0.0	0	0.0	0	1.0	1	0.0	0	0.0	0	0.0	0	0.0	0	0.5	1	0.0	0	0.0	0	0.0	0	0.0	0	0.0	0	-1.0	-1	0.0	0	0.0	0	0.0	0	
0.0	0	1.0	4	0.0	0	1.0	1	0.0	0	0.0	0	0.0	0	0.0	0	0.0	0	0.0	0	0.0	0	0.0	0	0.5	2	0.0	0	0.5	1	0.0	0	0.0	0	0.0	0	0.25	2	0.0	0	0.0	0	0.0	0	0.0	0	0.5	2	0.0	0	0.5	0	0.0	0	0.0	0	0.0	0	-0.25	-2	0.0	0	0.0	0	0.0	0	
1.0	2	0.25	1	0.0	0	0.0	0	0.0	0	0.5	1	0.0	0	1.0	1	0.0	0	0.0	0	0.0	0	0.0	0	0.0	0	0.0	0	0.0	0	0.0	0	0.0	0	0.0	0	1.0	1	0.0	0	0.0	0	0.0	0	1.0	2	0.25	1	0.0	0	0.0	0	0.0	0	0.5	1	0.0	0	0.0	0	0.0	0	0.0	0	0.0	0	
0.0	0	0.0	0	0.0	0	0.0	0	0.0	0	0.0	0	0.0	0	0.0	0	0.0	0	0.0	0	0.0	0	0.0	0	0.333333333333	2	0.0	0	0.0	0	0.0	0	0.0	0	0.0	0	0.0	0	0.0	0	1.0	1	0.0	0	0.0	0	-0.333333333333	-2	0.0	0	0.0	0	0.0	0	0.0	0	0.0	0	0.0	0	0.0	0	-1.0	-1	0.0	0	
0.0	0	0.0	0	0.0	0	0.0	0	0.0	0	0.0	0	0.0	0	0.0	0	0.0	0	0.0	0	0.0	0	0.0	0	0.0	0	0.0	0	0.0	0	0.0	0	0.0	0	0.0	0	0.0	0	0.0	0	0.0	0	0.0	0	0.0	0	0.0	0	0.0	0	0.0	0	0.0	0	0.0	0	0.0	0	0.0	0	0.0	0	0.0	0	0.0	0	
0.333333333333	1	0.5	2	0.333333333333	1	0.0	0	0.0	0	0.0	0	0.0	0	0.0	0	0.0	0	0.0	0	0.0	0	1.0	1	1.0	3	0.0	0	1.0	2	0.0	0	0.0	0	0.0	0	0.25	1	0.0	0	0.0	0	0.0	0	-0.666666666667	0	-0.5	-1	0.333333333333	1	-1.0	-2	0.0	0	0.0	0	0.0	0	-0.25	-1	0.0	0	0.0	0	0.0	0	
1.0	2	1.0	2	0.0	0	0.0	0	0.0	0	0.0	0	0.0	0	0.0	0	0.0	0	0.0	0	0.0	0	0.0	0	1.0	2	0.0	0	0.0	0	0.333333333333	1	0.0	0	0.0	0	0.0	0	0.0	0	0.0	0	0.0	0	1.0	2	0.0	0	0.0	0	0.0	0	-0.333333333333	-1	0.0	0	0.0	0	0.0	0	0.0	0	0.0	0	0.0	0	
1.0	1	1.0	4	0.0	0	0.0	0	0.0	0	0.0	0	0.0	0	0.0	0	1.0	1	0.0	0	0.0	0	0.0	0	0.5	2	0.0	0	0.0	0	0.0	0	0.0	0	0.0	0	0.0	0	0.0	0	0.0	0	0.0	0	1.0	1	0.5	2	0.0	0	0.0	0	0.0	0	0.0	0	0.0	0	0.0	0	1.0	1	0.0	0	0.0	0	
0.0	0	0.5	1	0.0	0	0.5	1	0.0	0	0.0	0	0.0	0	0.0	0	0.0	0	0.0	0	0.0	0	0.0	0	1.0	2	0.0	0	0.5	1	0.0	0	0.0	0	0.0	0	0.25	1	0.0	0	0.0	0	0.0	0	0.0	0	-0.5	-1	0.0	0	0.0	0	0.0	0	0.0	0	0.0	0	-0.25	-1	0.0	0	0.0	0	0.0	0	
0.0	0	1.0	4	0.0	0	0.2	1	0.0	0	0.0	0	0.0	0	0.0	0	0.0	0	0.0	0	0.0	0	0.0	0	0.5	3	0.0	0	0.0	0	0.0	0	0.0	0	0.0	0	1.0	2	0.0	0	0.0	0	0.0	0	0.0	0	0.5	1	0.0	0	0.2	1	0.0	0	0.0	0	0.0	0	-1.0	-2	0.0	0	0.0	0	0.0	0	
1.0	1	1.0	3	1.0	1	0.0	0	0.0	0	0.0	0	0.0	0	0.0	0	0.0	0	0.0	0	0.0	0	0.0	0	1.0	5	0.0	0	0.0	0	0.0	0	0.0	0	0.0	0	0.5	2	0.0	0	0.0	0	0.0	0	1.0	1	0.0	-2	1.0	1	0.0	0	0.0	0	0.0	0	0.0	0	-0.5	-2	0.0	0	0.0	0	0.0	0	
1.0	1	1.0	3	0.0	0	0.0	0	0.0	0	0.0	0	0.0	0	0.0	0	0.0	0	0.0	0	0.0	0	0.0	0	0.333333333333	1	0.0	0	0.0	0	0.0	0	0.0	0	0.0	0	0.0	0	0.0	0	0.0	0	0.0	0	1.0	1	0.666666666667	2	0.0	0	0.0	0	0.0	0	0.0	0	0.0	0	0.0	0	0.0	0	0.0	0	0.0	0	
0.0	0	1.0	3	0.0	0	0.0	0	0.0	0	0.0	0	0.0	0	0.0	0	0.0	0	0.0	0	0.0	0	0.0	0	0.5	3	0.0	0	0.0	0	0.0	0	0.0	0	0.0	0	0.0	0	0.0	0	0.0	0	0.0	0	0.0	0	0.5	0	0.0	0	0.0	0	0.0	0	0.0	0	0.0	0	0.0	0	0.0	0	0.0	0	0.0	0	
0.5	1	1.0	4	0.0	0	0.25	1	0.0	0	0.0	0	0.0	0	0.0	0	0.5	1	0.0	0	0.0	0	0.0	0	0.25	1	0.0	0	0.25	1	0.0	0	0.0	0	0.0	0	0.333333333333	2	0.0	0	0.0	0	0.0	0	0.5	1	0.75	3	0.0	0	0.0	0	0.0	0	0.0	0	0.0	0	-0.333333333333	-2	0.5	1	0.0	0	0.0	0	
0.0	0	1.0	3	0.0	0	0.0	0	0.0	0	0.0	0	0.0	0	0.0	0	0.0	0	0.0	0	0.0	0	0.0	0	0.5	2	0.5	1	0.0	0	0.0	0	0.0	0	0.0	0	1.0	1	0.0	0	0.0	0	0.0	0	0.0	0	0.5	1	-0.5	-1	0.0	0	0.0	0	0.0	0	0.0	0	-1.0	-1	0.0	0	0.0	0	0.0	0	
0.333333333333	1	1.0	3	0.0	0	1.0	3	0.0	0	0.0	0	0.0	0	0.0	0	0.333333333333	1	0.0	0	0.0	0	0.0	0	1.0	3	0.0	0	1.0	4	0.0	0	0.0	0	0.0	0	0.0	0	0.0	0	0.0	0	0.0	0	0.333333333333	1	0.0	0	0.0	0	0.0	-1	0.0	0	0.0	0	0.0	0	0.0	0	0.333333333333	1	0.0	0	0.0	0	
0.5	2	0.2	1	0.0	0	0.0	0	0.0	0	0.0	0	0.0	0	0.0	0	0.2	1	0.0	0	0.0	0	0.0	0	1.0	2	0.0	0	0.0	0	0.0	0	0.0	0	0.0	0	0.0	0	0.0	0	0.0	0	0.0	0	0.5	2	-0.8	-1	0.0	0	0.0	0	0.0	0	0.0	0	0.0	0	0.0	0	0.2	1	0.0	0	0.0	0	
1.0	1	1.0	4	0.0	0	0.0	0	0.0	0	0.0	0	0.0	0	0.0	0	1.0	1	0.0	0	0.0	0	0.0	0	0.2	1	0.0	0	0.0	0	0.0	0	0.0	0	0.0	0	0.333333333333	2	0.0	0	0.0	0	0.0	0	1.0	1	0.8	3	0.0	0	0.0	0	0.0	0	0.0	0	0.0	0	-0.333333333333	-2	1.0	1	0.0	0	0.0	0	
0.2	1	0.5	2	0.2	1	0.0	0	0.0	0	0.0	0	0.0	0	0.0	0	0.0	0	0.0	0	0.0	0	0.0	0	0.0	0	0.0	0	0.0	0	0.0	0	0.0	0	0.0	0	0.0	0	0.0	0	0.0	0	0.0	0	0.2	1	0.5	2	0.2	1	0.0	0	0.0	0	0.0	0	0.0	0	0.0	0	0.0	0	0.0	0	0.0	0	
1.0	2	1.0	3	0.0	0	0.333333333333	1	1.0	1	0.0	0	0.0	0	0.0	0	0.0	0	0.0	0	0.0	0	0.0	0	1.0	4	0.0	0	0.0	0	0.0	0	0.0	0	0.0	0	0.0	0	0.0	0	0.0	0	0.0	0	1.0	2	0.0	-1	0.0	0	0.333333333333	1	1.0	1	0.0	0	0.0	0	0.0	0	0.0	0	0.0	0	0.0	0	
0.333333333333	1	0.333333333333	2	0.333333333333	1	0.0	0	0.0	0	0.0	0	0.0	0	0.0	0	0.0	0	1.0	4	0.0	0	0.0	0	0.2	1	0.5	1	0.0	0	0.0	0	0.0	0	0.0	0	0.0	0	0.0	0	0.0	0	0.0	0	0.333333333333	1	0.133333333333	1	-0.166666666667	0	0.0	0	0.0	0	0.0	0	0.0	0	0.0	0	0.0	0	1.0	4	0.0	0	
1.0	3	0.5	4	0.5	1	0.0	0	0.2	1	0.0	0	0.0	0	0.0	0	0.0	0	0.0	0	0.0	0	1.0	2	0.5	4	0.333333333333	1	0.0	0	0.5	2	0.0	0	0.0	0	0.0	0	0.0	0	0.0	0	0.0	0	0.0	1	0.0	0	0.166666666667	0	0.0	0	-0.3	-1	0.0	0	0.0	0	0.0	0	0.0	0	0.0	0	0.0	0	
0.5	1	0.5	3	0.5	1	0.0	0	0.0	0	0.0	0	0.0	0	0.0	0	0.0	0	0.333333333333	2	0.0	0	0.0	0	0.0	0	1.0	1	0.0	0	0.0	0	0.0	0	0.0	0	0.0	0	0.0	0	0.0	0	0.0	0	0.5	1	0.5	3	-0.5	0	0.0	0	0.0	0	0.0	0	0.0	0	0.0	0	0.0	0	0.333333333333	2	0.0	0	
0.0	0	0.0	0	0.0	0	0.0	0	0.0	0	0.0	0	0.0	0	0.0	0	0.0	0	0.0	0	0.0	0	0.0	0	1.0	1	0.0	0	0.0	0	0.0	0	0.0	0	0.0	0	0.5	1	0.0	0	0.0	0	0.0	0	0.0	0	-1.0	-1	0.0	0	0.0	0	0.0	0	0.0	0	0.0	0	-0.5	-1	0.0	0	0.0	0	0.0	0	
1.0	1	1.0	2	0.0	0	0.0	0	0.0	0	0.0	0	0.0	0	0.0	0	0.0	0	0.0	0	0.0	0	0.0	0	1.0	1	0.0	0	0.0	0	0.25	1	0.0	0	0.0	0	0.0	0	0.0	0	0.0	0	0.0	0	1.0	1	0.0	1	0.0	0	0.0	0	-0.25	-1	0.0	0	0.0	0	0.0	0	0.0	0	0.0	0	0.0	0	
0.0	0	0.5	2	0.0	0	1.0	3	0.0	0	0.0	0	0.0	0	0.0	0	0.0	0	0.0	0	0.0	0	0.0	0	0.333333333333	2	0.0	0	0.333333333333	2	0.0	0	0.0	0	0.0	0	0.0	0	0.0	0	0.0	0	0.0	0	0.0	0	0.166666666667	0	0.0	0	0.666666666667	1	0.0	0	0.0	0	0.0	0	0.0	0	0.0	0	0.0	0	0.0	0	
1.0	2	1.0	2	0.0	0	0.333333333333	1	0.0	0	0.0	0	0.0	0	0.0	0	0.0	0	0.0	0	0.0	0	1.0	1	0.5	1	0.0	0	0.0	0	1.0	1	0.0	0	0.0	0	0.0	0	0.0	0	0.0	0	0.0	0	0.0	1	0.5	1	0.0	0	0.333333333333	1	-1.0	-1	0.0	0	0.0	0	0.0	0	0.0	0	0.0	0	0.0	0	
1.0	3	1.0	4	0.0	0	0.2	1	0.0	0	0.0	0	0.0	0	0.0	0	0.0	0	0.0	0	0.0	0	1.0	1	0.25	1	0.0	0	0.2	1	1.0	1	0.0	0	0.0	0	0.0	0	0.0	0	0.0	0	0.0	0	0.0	2	0.75	3	0.0	0	0.0	0	-1.0	-1	0.0	0	0.0	0	0.0	0	0.0	0	0.0	0	0.0	0	
0.5	2	0.333333333333	2	0.5	1	0.0	0	0.0	0	0.0	0	0.0	0	0.0	0	0.0	0	0.0	0	0.0	0	0.5	1	0.5	3	0.25	1	0.0	0	0.0	0	0.0	0	0.0	0	0.0	0	0.0	0	0.0	0	0.0	0	0.0	1	-0.166666666667	-1	0.25	0	0.0	0	0.0	0	0.0	0	0.0	0	0.0	0	0.0	0	0.0	0	0.0	0	
0.0	0	0.25	1	0.0	0	0.0	0	0.0	0	0.0	0	0.0	0	0.0	0	0.0	0	0.0	0	0.0	0	0.0	0	0.5	2	0.0	0	0.0	0	0.0	0	0.0	0	0.0	0	0.2	1	0.0	0	0.0	0	0.0	0	0.0	0	-0.25	-1	0.0	0	0.0	0	0.0	0	0.0	0	0.0	0	-0.2	-1	0.0	0	0.0	0	0.0	0	
0.0	0	0.5	1	0.0	0	0.0	0	0.0	0	0.0	0	0.0	0	0.0	0	0.0	0	0.0	0	0.0	0	0.0	0	0.0	0	0.0	0	0.0	0	0.0	0	0.0	0	0.0	0	1.0	4	0.0	0	0.0	0	0.0	0	0.0	0	0.5	1	0.0	0	0.0	0	0.0	0	0.0	0	0.0	0	-1.0	-4	0.0	0	0.0	0	0.0	0	
0.333333333333	3	1.0	3	0.2	1	0.0	0	0.0	0	0.333333333333	1	0.0	0	0.25	1	0.0	0	0.0	0	0.0	0	0.5	1	1.0	3	0.25	1	0.0	0	0.5	1	0.0	0	0.0	0	0.333333333333	1	0.0	0	0.0	0	0.0	0	-0.166666666667	2	0.0	0	-0.05	0	0.0	0	-0.5	-1	0.333333333333	1	0.0	0	-0.0833333333333	0	0.0	0	0.0	0	0.0	0	
1.0	1	1.0	2	1.0	1	0.0	0	0.0	0	0.0	0	0.0	0	0.0	0	0.0	0	0.0	0	0.0	0	0.0	0	0.5	3	0.5	1	0.0	0	0.0	0	0.0	0	0.0	0	0.2	1	0.0	0	1.0	1	0.0	0	1.0	1	0.5	-1	0.5	0	0.0	0	0.0	0	0.0	0	0.0	0	-0.2	-1	0.0	0	-1.0	-1	0.0	0	
0.5	2	1.0	3	0.25	1	0.0	0	0.0	0	0.0	0	0.0	0	0.0	0	0.0	0	0.0	0	0.5	1	0.5	1	1.0	2	0.0	0	0.0	0	0.0	0	0.0	0	0.0	0	0.0	0	0.0	0	0.0	0	0.0	0	0.0	1	0.0	1	0.25	1	0.0	0	0.0	0	0.0	0	0.0	0	0.0	0	0.0	0	0.0	0	0.5	1	
1.0	2	1.0	3	1.0	1	0.0	0	0.0	0	0.0	0	0.0	0	0.0	0	0.0	0	0.0	0	0.0	0	0.0	0	1.0	3	1.0	1	0.0	0	0.0	0	0.0	0	0.0	0	0.333333333333	2	0.0	0	0.0	0	0.0	0	1.0	2	0.0	0	0.0	0	0.0	0	0.0	0	0.0	0	0.0	0	-0.333333333333	-2	0.0	0	0.0	0	0.0	0	
0.0	0	1.0	2	0.0	0	0.0	0	0.0	0	0.0	0	0.0	0	0.0	0	0.0	0	0.0	0	0.0	0	0.0	0	1.0	3	0.0	0	0.0	0	0.0	0	0.0	0	0.0	0	0.0	0	0.0	0	0.0	0	0.0	0	0.0	0	0.0	-1	0.0	0	0.0	0	0.0	0	0.0	0	0.0	0	0.0	0	0.0	0	0.0	0	0.0	0	
0.0	0	1.0	4	0.0	0	0.0	0	0.0	0	0.0	0	0.0	0	0.0	0	0.0	0	0.0	0	0.0	0	0.0	0	0.333333333333	1	0.0	0	0.0	0	0.0	0	0.0	0	0.0	0	0.0	0	0.0	0	0.0	0	0.333333333333	1	0.0	0	0.666666666667	3	0.0	0	0.0	0	0.0	0	0.0	0	0.0	0	0.0	0	0.0	0	0.0	0	-0.333333333333	-1	
0.0	0	0.5	2	0.0	0	0.0	0	0.0	0	0.0	0	0.0	0	0.0	0	0.0	0	0.0	0	0.0	0	0.0	0	0.5	2	0.0	0	0.0	0	0.0	0	0.0	0	0.0	0	0.25	1	0.0	0	0.0	0	0.0	0	0.0	0	0.0	0	0.0	0	0.0	0	0.0	0	0.0	0	0.0	0	-0.25	-1	0.0	0	0.0	0	0.0	0	
1.0	2	1.0	1	1.0	2	0.0	0	0.0	0	0.0	0	0.0	0	0.0	0	0.0	0	0.0	0	0.0	0	0.0	0	1.0	3	1.0	1	0.0	0	0.0	0	0.0	0	0.0	0	0.0	0	0.0	0	0.0	0	0.0	0	1.0	2	0.0	-2	0.0	1	0.0	0	0.0	0	0.0	0	0.0	0	0.0	0	0.0	0	0.0	0	0.0	0	
0.5	2	1.0	3	0.5	1	0.0	0	0.0	0	0.0	0	0.0	0	0.0	0	0.0	0	0.0	0	0.0	0	0.5	3	1.0	4	0.25	1	0.0	0	0.5	2	0.0	0	0.0	0	0.0	0	0.0	0	0.0	0	0.0	0	0.0	-1	0.0	-1	0.25	0	0.0	0	-0.5	-2	0.0	0	0.0	0	0.0	0	0.0	0	0.0	0	0.0	0	
0.5	3	0.5	4	0.333333333333	1	0.0	0	0.0	0	0.0	0	0.0	0	0.0	0	0.0	0	0.0	0	0.0	0	0.0	0	0.333333333333	1	0.0	0	0.0	0	0.0	0	0.0	0	0.0	0	0.0	0	0.0	0	0.0	0	0.0	0	0.5	3	0.166666666667	3	0.333333333333	1	0.0	0	0.0	0	0.0	0	0.0	0	0.0	0	0.0	0	0.0	0	0.0	0	
0.2	1	0.25	2	0.2	1	0.0	0	0.0	0	0.0	0	0.0	0	0.0	0	0.0	0	0.0	0	0.0	0	0.0	0	1.0	3	0.25	1	0.0	0	0.0	0	0.0	0	0.0	0	0.0	0	0.0	0	0.0	0	0.0	0	0.2	1	-0.75	-1	-0.05	0	0.0	0	0.0	0	0.0	0	0.0	0	0.0	0	0.0	0	0.0	0	0.0	0	
0.0	0	1.0	2	0.0	0	0.0	0	0.0	0	0.0	0	0.0	0	0.0	0	0.0	0	0.0	0	0.0	0	0.0	0	1.0	4	0.0	0	0.0	0	0.0	0	0.0	0	0.0	0	0.0	0	0.0	0	0.0	0	0.0	0	0.0	0	0.0	-2	0.0	0	0.0	0	0.0	0	0.0	0	0.0	0	0.0	0	0.0	0	0.0	0	0.0	0	
0.0	0	1.0	3	0.0	0	0.0	0	0.0	0	0.0	0	0.0	0	0.0	0	0.0	0	0.0	0	0.0	0	0.0	0	1.0	2	0.0	0	0.0	0	0.0	0	0.0	0	0.0	0	0.0	0	0.0	0	0.0	0	0.0	0	0.0	0	0.0	1	0.0	0	0.0	0	0.0	0	0.0	0	0.0	0	0.0	0	0.0	0	0.0	0	0.0	0	
1.0	3	0.0	0	0.5	1	0.0	0	0.0	0	0.0	0	0.0	0	0.0	0	0.0	0	0.0	0	0.0	0	0.0	0	1.0	1	1.0	1	0.0	0	0.0	0	0.0	0	0.0	0	0.5	1	0.0	0	0.333333333333	1	0.0	0	1.0	3	-1.0	-1	-0.5	0	0.0	0	0.0	0	0.0	0	0.0	0	-0.5	-1	0.0	0	-0.333333333333	-1	0.0	0	
0.0	0	1.0	5	0.0	0	0.0	0	0.0	0	0.0	0	0.0	0	0.0	0	0.0	0	0.0	0	0.0	0	0.0	0	1.0	1	0.0	0	0.0	0	0.0	0	0.0	0	0.0	0	0.0	0	0.0	0	0.0	0	0.0	0	0.0	0	0.0	4	0.0	0	0.0	0	0.0	0	0.0	0	0.0	0	0.0	0	0.0	0	0.0	0	0.0	0	
1.0	4	1.0	1	1.0	1	0.0	0	0.0	0	0.0	0	0.0	0	0.0	0	0.0	0	0.0	0	0.0	0	0.5	2	0.333333333333	3	0.333333333333	1	0.0	0	0.0	0	0.0	0	0.0	0	0.0	0	0.0	0	0.0	0	0.0	0	0.5	2	0.666666666667	-2	0.666666666667	0	0.0	0	0.0	0	0.0	0	0.0	0	0.0	0	0.0	0	0.0	0	0.0	0	
0.0	0	1.0	2	0.0	0	1.0	3	0.0	0	0.0	0	0.0	0	0.0	0	0.0	0	0.0	0	0.0	0	0.0	0	0.5	2	0.0	0	0.5	1	0.0	0	0.0	0	0.0	0	0.333333333333	2	0.0	0	0.0	0	0.0	0	0.0	0	0.5	0	0.0	0	0.5	2	0.0	0	0.0	0	0.0	0	-0.333333333333	-2	0.0	0	0.0	0	0.0	0	
1.0	2	1.0	3	0.5	1	0.0	0	0.0	0	0.0	0	0.0	0	0.0	0	0.0	0	0.0	0	0.0	0	0.0	0	1.0	1	0.5	1	0.0	0	0.0	0	0.0	0	0.0	0	0.25	2	0.0	0	0.0	0	0.0	0	1.0	2	0.0	2	0.0	0	0.0	0	0.0	0	0.0	0	0.0	0	-0.25	-2	0.0	0	0.0	0	0.0	0	
1.0	3	1.0	3	1.0	1	0.0	0	0.0	0	0.0	0	0.0	0	0.0	0	0.0	0	0.0	0	0.0	0	0.0	0	0.25	1	1.0	2	0.0	0	0.0	0	0.0	0	0.0	0	0.0	0	0.0	0	0.0	0	0.0	0	1.0	3	0.75	2	0.0	-1	0.0	0	0.0	0	0.0	0	0.0	0	0.0	0	0.0	0	0.0	0	0.0	0	
0.0	0	1.0	4	0.0	0	0.25	1	0.0	0	0.0	0	0.0	0	0.0	0	0.0	0	0.0	0	0.0	0	0.0	0	1.0	4	0.0	0	0.5	3	0.0	0	0.0	0	0.0	0	0.0	0	0.0	0	0.0	0	0.0	0	0.0	0	0.0	0	0.0	0	-0.25	-2	0.0	0	0.0	0	0.0	0	0.0	0	0.0	0	0.0	0	0.0	0	
0.333333333333	1	1.0	3	0.333333333333	1	0.0	0	0.0	0	0.0	0	0.0	0	0.0	0	0.0	0	0.0	0	0.0	0	0.5	1	0.5	2	0.25	1	0.5	1	0.0	0	0.0	0	0.0	0	0.0	0	0.0	0	0.0	0	0.0	0	-0.166666666667	0	0.5	1	0.0833333333333	0	-0.5	-1	0.0	0	0.0	0	0.0	0	0.0	0	0.0	0	0.0	0	0.0	0	
0.0	0	0.5	2	0.0	0	0.0	0	0.0	0	0.0	0	0.0	0	0.0	0	0.0	0	0.0	0	0.0	0	0.0	0	1.0	2	0.0	0	0.0	0	0.0	0	0.0	0	0.0	0	0.0	0	0.0	0	0.0	0	0.0	0	0.0	0	-0.5	0	0.0	0	0.0	0	0.0	0	0.0	0	0.0	0	0.0	0	0.0	0	0.0	0	0.0	0	
1.0	1	1.0	4	0.0	0	0.0	0	0.0	0	0.0	0	0.0	0	0.0	0	0.0	0	0.0	0	0.0	0	1.0	1	0.5	4	0.0	0	0.0	0	1.0	1	0.0	0	0.0	0	0.0	0	0.0	0	0.0	0	0.0	0	0.0	0	0.5	0	0.0	0	0.0	0	-1.0	-1	0.0	0	0.0	0	0.0	0	0.0	0	0.0	0	0.0	0	
0.25	1	0.333333333333	1	0.0	0	0.333333333333	1	0.0	0	0.0	0	0.0	0	0.0	0	0.0	0	0.0	0	0.0	0	0.0	0	0.5	2	0.0	0	0.0	0	0.0	0	0.0	0	0.0	0	0.2	1	0.0	0	0.0	0	0.0	0	0.25	1	-0.166666666667	-1	0.0	0	0.333333333333	1	0.0	0	0.0	0	0.0	0	-0.2	-1	0.0	0	0.0	0	0.0	0	
0.25	2	1.0	5	0.2	1	0.0	0	0.25	1	0.0	0	0.0	0	0.0	0	0.0	0	0.0	0	0.0	0	0.0	0	0.333333333333	2	0.0	0	0.0	0	0.0	0	0.0	0	0.0	0	0.5	1	0.0	0	0.2	1	0.0	0	0.25	2	0.666666666667	3	0.2	1	0.0	0	0.25	1	0.0	0	0.0	0	-0.5	-1	0.0	0	-0.2	-1	0.0	0	
0.2	1	1.0	3	0.2	1	0.0	0	0.0	0	0.0	0	0.0	0	0.0	0	0.0	0	0.0	0	0.0	0	0.0	0	1.0	1	0.0	0	0.0	0	0.0	0	0.0	0	0.0	0	0.0	0	0.0	0	0.0	0	0.0	0	0.2	1	0.0	2	0.2	1	0.0	0	0.0	0	0.0	0	0.0	0	0.0	0	0.0	0	0.0	0	0.0	0	
0.0	0	0.0	0	0.0	0	0.0	0	0.0	0	0.0	0	0.0	0	0.0	0	0.0	0	0.0	0	0.0	0	0.0	0	0.5	1	0.0	0	0.0	0	0.0	0	0.0	0	0.0	0	0.25	2	0.0	0	0.0	0	0.0	0	0.0	0	-0.5	-1	0.0	0	0.0	0	0.0	0	0.0	0	0.0	0	-0.25	-2	0.0	0	0.0	0	0.0	0	
1.0	1	1.0	1	1.0	1	0.0	0	0.0	0	0.0	0	0.0	0	0.0	0	0.0	0	0.0	0	0.0	0	0.0	0	1.0	2	1.0	1	0.0	0	0.0	0	0.0	0	0.0	0	0.333333333333	1	0.0	0	0.0	0	0.0	0	1.0	1	0.0	-1	0.0	0	0.0	0	0.0	0	0.0	0	0.0	0	-0.333333333333	-1	0.0	0	0.0	0	0.0	0	
1.0	1	1.0	3	0.0	0	0.0	0	1.0	1	0.0	0	0.0	0	0.0	0	0.0	0	0.0	0	0.0	0	0.0	0	1.0	3	0.0	0	0.0	0	0.0	0	0.0	0	0.0	0	0.2	1	0.0	0	0.0	0	0.0	0	1.0	1	0.0	0	0.0	0	0.0	0	1.0	1	0.0	0	0.0	0	-0.2	-1	0.0	0	0.0	0	0.0	0	
1.0	1	0.5	1	0.0	0	0.0	0	0.0	0	0.0	0	0.0	0	0.0	0	0.0	0	0.0	0	0.0	0	0.0	0	0.5	2	0.0	0	0.0	0	0.5	1	0.0	0	0.0	0	1.0	1	0.0	0	0.0	0	0.0	0	1.0	1	0.0	-1	0.0	0	0.0	0	-0.5	-1	0.0	0	0.0	0	-1.0	-1	0.0	0	0.0	0	0.0	0	
0.25	2	1.0	3	0.2	1	0.0	0	0.0	0	0.0	0	0.0	0	0.0	0	0.0	0	0.0	0	0.0	0	0.5	2	1.0	4	0.0	0	0.5	1	0.333333333333	1	0.0	0	0.0	0	0.2	1	0.0	0	0.0	0	0.0	0	-0.25	0	0.0	-1	0.2	1	-0.5	-1	-0.333333333333	-1	0.0	0	0.0	0	-0.2	-1	0.0	0	0.0	0	0.0	0	
0.0	0	1.0	3	0.0	0	0.0	0	0.0	0	0.0	0	0.0	0	0.0	0	0.0	0	0.0	0	0.0	0	1.0	1	1.0	2	0.0	0	0.0	0	1.0	1	0.0	0	0.0	0	0.0	0	0.0	0	0.0	0	0.0	0	-1.0	-1	0.0	1	0.0	0	0.0	0	-1.0	-1	0.0	0	0.0	0	0.0	0	0.0	0	0.0	0	0.0	0	
1.0	2	0.2	1	1.0	2	0.0	0	0.0	0	0.0	0	0.0	0	0.0	0	0.0	0	0.0	0	0.0	0	0.333333333333	1	1.0	1	1.0	1	0.0	0	0.5	1	0.0	0	0.0	0	0.0	0	0.0	0	0.25	1	0.0	0	0.666666666667	1	-0.8	0	0.0	1	0.0	0	-0.5	-1	0.0	0	0.0	0	0.0	0	0.0	0	-0.25	-1	0.0	0	
1.0	2	0.5	3	0.2	1	0.0	0	0.0	0	0.0	0	0.0	0	0.0	0	0.0	0	0.0	0	0.0	0	0.0	0	1.0	1	0.0	0	0.0	0	0.0	0	0.0	0	0.0	0	0.0	0	0.0	0	0.0	0	0.0	0	1.0	2	-0.5	2	0.2	1	0.0	0	0.0	0	0.0	0	0.0	0	0.0	0	0.0	0	0.0	0	0.0	0	
0.25	1	0.25	2	0.25	1	0.0	0	0.0	0	0.0	0	0.0	0	0.0	0	0.0	0	0.0	0	0.0	0	0.0	0	1.0	4	0.0	0	0.0	0	0.0	0	0.0	0	0.0	0	0.0	0	0.0	0	0.0	0	0.0	0	0.25	1	-0.75	-2	0.25	1	0.0	0	0.0	0	0.0	0	0.0	0	0.0	0	0.0	0	0.0	0	0.0	0	
0.0	0	1.0	1	0.0	0	0.0	0	0.0	0	0.0	0	0.0	0	0.0	0	0.0	0	0.0	0	0.0	0	0.0	0	1.0	5	0.0	0	0.0	0	0.0	0	0.0	0	0.0	0	0.0	0	0.0	0	0.0	0	0.0	0	0.0	0	0.0	-4	0.0	0	0.0	0	0.0	0	0.0	0	0.0	0	0.0	0	0.0	0	0.0	0	0.0	0	
1.0	4	1.0	3	0.5	1	0.0	0	0.0	0	0.0	0	0.0	0	0.0	0	0.0	0	0.0	0	0.0	0	0.5	1	1.0	4	1.0	1	0.0	0	0.0	0	0.0	0	0.0	0	0.25	1	0.0	0	0.0	0	0.0	0	0.5	3	0.0	-1	-0.5	0	0.0	0	0.0	0	0.0	0	0.0	0	-0.25	-1	0.0	0	0.0	0	0.0	0	
1.0	1	0.5	2	0.0	0	0.0	0	0.0	0	1.0	1	0.0	0	0.0	0	0.0	0	0.0	0	0.0	0	0.0	0	0.5	1	0.0	0	0.0	0	0.0	0	0.0	0	1.0	1	0.0	0	0.0	0	0.0	0	0.0	0	1.0	1	0.0	1	0.0	0	0.0	0	0.0	0	1.0	1	-1.0	-1	0.0	0	0.0	0	0.0	0	0.0	0	
0.333333333333	1	1.0	4	0.333333333333	1	0.0	0	0.0	0	0.0	0	0.0	0	0.0	0	0.0	0	0.0	0	0.0	0	0.5	1	0.5	2	0.333333333333	1	0.5	1	0.0	0	0.0	0	0.0	0	0.0	0	0.0	0	0.0	0	0.0	0	-0.166666666667	0	0.5	2	0.0	0	-0.5	-1	0.0	0	0.0	0	0.0	0	0.0	0	0.0	0	0.0	0	0.0	0	
0.2	1	1.0	4	0.0	0	0.0	0	0.0	0	0.0	0	0.0	0	0.0	0	0.0	0	0.0	0	0.2	1	1.0	1	1.0	3	0.0	0	0.0	0	0.0	0	0.0	0	0.0	0	0.0	0	0.0	0	0.0	0	1.0	1	-0.8	0	0.0	1	0.0	0	0.0	0	0.0	0	0.0	0	0.0	0	0.0	0	0.0	0	0.0	0	-0.8	0	
0.0	0	0.0	0	0.0	0	0.0	0	0.0	0	0.0	0	0.0	0	0.0	0	0.0	0	0.0	0	0.0	0	0.0	0	0.5	2	0.0	0	0.0	0	0.0	0	0.0	0	0.0	0	0.0	0	0.0	0	0.333333333333	1	0.5	1	0.0	0	-0.5	-2	0.0	0	0.0	0	0.0	0	0.0	0	0.0	0	0.0	0	0.0	0	-0.333333333333	-1	-0.5	-1	
0.2	1	0.25	2	0.2	1	0.0	0	0.0	0	0.0	0	0.0	0	0.0	0	0.0	0	0.0	0	0.0	0	0.0	0	0.2	1	0.0	0	0.0	0	0.0	0	0.0	0	0.0	0	0.333333333333	1	0.0	0	0.0	0	0.0	0	0.2	1	0.05	1	0.2	1	0.0	0	0.0	0	0.0	0	0.0	0	-0.333333333333	-1	0.0	0	0.0	0	0.0	0	
0.0	0	0.333333333333	1	0.0	0	0.0	0	0.0	0	0.0	0	0.0	0	0.0	0	0.0	0	0.0	0	0.0	0	0.0	0	0.25	1	0.0	0	0.0	0	0.0	0	0.0	0	0.0	0	1.0	3	0.0	0	0.0	0	0.0	0	0.0	0	0.0833333333333	0	0.0	0	0.0	0	0.0	0	0.0	0	0.0	0	-1.0	-3	0.0	0	0.0	0	0.0	0	
0.0	0	1.0	5	0.0	0	1.0	3	0.0	0	0.0	0	0.0	0	0.0	0	0.0	0	0.0	0	0.0	0	0.0	0	1.0	5	0.0	0	1.0	3	0.0	0	0.0	0	0.0	0	0.0	0	0.0	0	0.0	0	0.0	0	0.0	0	0.0	0	0.0	0	0.0	0	0.0	0	0.0	0	0.0	0	0.0	0	0.0	0	0.0	0	0.0	0	
1.0	2	1.0	3	1.0	1	0.0	0	0.0	0	0.0	0	0.0	0	0.0	0	0.0	0	0.0	0	0.0	0	0.0	0	0.25	2	1.0	1	0.0	0	0.0	0	0.0	0	0.2	1	0.0	0	0.0	0	0.0	0	0.0	0	1.0	2	0.75	1	0.0	0	0.0	0	0.0	0	0.0	0	-0.2	-1	0.0	0	0.0	0	0.0	0	0.0	0	
0.0	0	1.0	4	0.0	0	0.5	2	0.0	0	0.0	0	0.0	0	0.0	0	0.0	0	0.0	0	0.0	0	0.0	0	1.0	4	0.0	0	1.0	2	0.0	0	0.0	0	0.0	0	0.0	0	0.0	0	0.0	0	0.0	0	0.0	0	0.0	0	0.0	0	-0.5	0	0.0	0	0.0	0	0.0	0	0.0	0	0.0	0	0.0	0	0.0	0	
0.0	0	0.5	1	0.0	0	0.0	0	0.0	0	0.0	0	0.0	0	0.0	0	0.0	0	0.0	0	0.0	0	0.0	0	1.0	4	0.0	0	0.2	1	0.0	0	0.0	0	0.0	0	0.333333333333	1	0.0	0	0.0	0	0.0	0	0.0	0	-0.5	-3	0.0	0	-0.2	-1	0.0	0	0.0	0	0.0	0	-0.333333333333	-1	0.0	0	0.0	0	0.0	0	
1.0	1	1.0	4	0.0	0	0.0	0	0.0	0	0.0	0	0.0	0	0.0	0	0.0	0	0.0	0	0.0	0	0.0	0	1.0	3	0.0	0	0.0	0	0.0	0	0.0	0	0.0	0	0.333333333333	1	0.0	0	0.0	0	0.0	0	1.0	1	0.0	1	0.0	0	0.0	0	0.0	0	0.0	0	0.0	0	-0.333333333333	-1	0.0	0	0.0	0	0.0	0	
0.333333333333	1	0.0	0	0.0	0	1.0	1	0.0	0	0.0	0	0.0	0	0.0	0	0.0	0	0.0	0	0.0	0	1.0	2	1.0	3	0.2	1	1.0	1	0.25	1	0.0	0	0.0	0	0.0	0	0.0	0	0.0	0	0.0	0	-0.666666666667	-1	-1.0	-3	-0.2	-1	0.0	0	-0.25	-1	0.0	0	0.0	0	0.0	0	0.0	0	0.0	0	0.0	0	
1.0	1	1.0	1	0.0	0	0.0	0	0.0	0	0.0	0	0.0	0	0.0	0	0.0	0	0.0	0	0.0	0	0.0	0	0.0	0	0.0	0	0.0	0	0.0	0	0.0	0	0.0	0	0.25	1	0.0	0	1.0	1	0.0	0	1.0	1	1.0	1	0.0	0	0.0	0	0.0	0	0.0	0	0.0	0	-0.25	-1	0.0	0	-1.0	-1	0.0	0	
0.0	0	0.0	0	0.0	0	0.0	0	0.0	0	0.0	0	0.0	0	0.0	0	0.0	0	1.0	1	0.0	0	0.0	0	0.333333333333	1	0.0	0	0.0	0	0.0	0	0.0	0	0.0	0	0.0	0	0.0	0	0.0	0	0.0	0	0.0	0	-0.333333333333	-1	0.0	0	0.0	0	0.0	0	0.0	0	0.0	0	0.0	0	0.0	0	1.0	1	0.0	0	
0.5	3	1.0	1	0.2	1	0.0	0	0.0	0	0.0	0	0.0	0	0.0	0	0.0	0	0.0	0	0.0	0	0.0	0	1.0	1	0.0	0	0.0	0	0.0	0	0.0	0	0.0	0	0.0	0	0.0	0	0.0	0	0.0	0	0.5	3	0.0	0	0.2	1	0.0	0	0.0	0	0.0	0	0.0	0	0.0	0	0.0	0	0.0	0	0.0	0	
1.0	1	1.0	2	1.0	1	0.0	0	0.0	0	0.0	0	0.0	0	0.0	0	0.0	0	0.0	0	0.0	0	0.0	0	1.0	2	1.0	1	0.0	0	0.0	0	0.0	0	0.0	0	0.5	1	0.0	0	0.0	0	0.0	0	1.0	1	0.0	0	0.0	0	0.0	0	0.0	0	0.0	0	0.0	0	-0.5	-1	0.0	0	0.0	0	0.0	0	
1.0	2	1.0	2	1.0	1	0.0	0	0.0	0	0.0	0	0.0	0	0.0	0	0.0	0	0.0	0	0.0	0	0.5	1	1.0	2	1.0	2	0.0	0	0.0	0	0.0	0	0.0	0	0.0	0	0.0	0	0.0	0	0.0	0	0.5	1	0.0	0	0.0	-1	0.0	0	0.0	0	0.0	0	0.0	0	0.0	0	0.0	0	0.0	0	0.0	0	
0.0	0	0.5	2	0.0	0	0.0	0	0.0	0	0.0	0	0.0	0	0.0	0	0.0	0	0.0	0	0.0	0	0.0	0	1.0	2	0.0	0	0.0	0	0.0	0	0.0	0	1.0	1	0.0	0	0.0	0	0.0	0	0.0	0	0.0	0	-0.5	0	0.0	0	0.0	0	0.0	0	0.0	0	-1.0	-1	0.0	0	0.0	0	0.0	0	0.0	0	
0.0	0	0.5	3	0.0	0	0.0	0	0.0	0	0.0	0	0.0	0	0.0	0	0.0	0	0.0	0	0.0	0	0.0	0	0.333333333333	3	0.0	0	0.0	0	0.0	0	0.0	0	0.0	0	0.0	0	0.0	0	0.0	0	0.0	0	0.0	0	0.166666666667	0	0.0	0	0.0	0	0.0	0	0.0	0	0.0	0	0.0	0	0.0	0	0.0	0	0.0	0	
0.0	0	1.0	4	0.0	0	0.0	0	0.0	0	0.0	0	0.0	0	0.0	0	0.0	0	0.0	0	0.0	0	0.0	0	1.0	4	1.0	1	0.0	0	0.0	0	0.0	0	0.0	0	0.0	0	0.0	0	0.0	0	0.0	0	0.0	0	0.0	0	-1.0	-1	0.0	0	0.0	0	0.0	0	0.0	0	0.0	0	0.0	0	0.0	0	0.0	0	
0.0	0	1.0	3	0.0	0	0.0	0	0.0	0	0.0	0	0.0	0	0.0	0	0.0	0	0.0	0	0.0	0	0.0	0	0.2	1	0.0	0	0.0	0	0.0	0	0.0	0	0.0	0	0.0	0	0.0	0	0.0	0	0.0	0	0.0	0	0.8	2	0.0	0	0.0	0	0.0	0	0.0	0	0.0	0	0.0	0	0.0	0	0.0	0	0.0	0	
0.0	0	0.333333333333	1	0.0	0	0.0	0	0.0	0	0.0	0	0.0	0	0.0	0	0.0	0	0.0	0	0.0	0	0.0	0	0.0	0	0.0	0	0.0	0	0.0	0	0.0	0	0.0	0	0.5	2	0.0	0	0.0	0	0.0	0	0.0	0	0.333333333333	1	0.0	0	0.0	0	0.0	0	0.0	0	0.0	0	-0.5	-2	0.0	0	0.0	0	0.0	0	
0.25	1	0.333333333333	3	0.25	1	0.2	1	0.0	0	0.0	0	0.0	0	0.0	0	0.0	0	0.0	0	0.0	0	0.333333333333	1	1.0	2	0.0	0	0.0	0	0.333333333333	1	0.0	0	0.0	0	0.0	0	0.0	0	0.0	0	0.0	0	-0.0833333333333	0	-0.666666666667	1	0.25	1	0.2	1	-0.333333333333	-1	0.0	0	0.0	0	0.0	0	0.0	0	0.0	0	0.0	0	
0.25	1	1.0	4	0.25	1	0.0	0	0.0	0	0.0	0	0.0	0	0.0	0	0.0	0	0.0	0	0.0	0	0.333333333333	1	1.0	4	0.25	1	0.0	0	0.0	0	0.0	0	0.0	0	0.0	0	0.0	0	0.0	0	0.333333333333	1	-0.0833333333333	0	0.0	0	0.0	0	0.0	0	0.0	0	0.0	0	0.0	0	0.0	0	0.0	0	0.0	0	-0.333333333333	-1	
1.0	1	1.0	4	0.0	0	0.333333333333	2	0.0	0	0.0	0	0.0	0	0.0	0	1.0	1	0.0	0	0.0	0	0.0	0	0.333333333333	2	1.0	1	0.25	2	0.0	0	0.0	0	0.0	0	0.0	0	0.0	0	0.0	0	0.0	0	1.0	1	0.666666666667	2	-1.0	-1	0.0833333333333	0	0.0	0	0.0	0	0.0	0	0.0	0	1.0	1	0.0	0	0.0	0	
1.0	1	0.5	3	0.0	0	0.0	0	0.0	0	0.0	0	0.0	0	0.0	0	0.0	0	0.0	0	0.0	0	1.0	1	1.0	3	0.0	0	0.0	0	1.0	1	0.0	0	0.0	0	0.0	0	0.0	0	0.0	0	0.0	0	0.0	0	-0.5	0	0.0	0	0.0	0	-1.0	-1	0.0	0	0.0	0	0.0	0	0.0	0	0.0	0	0.0	0	
0.5	3	1.0	2	0.5	1	0.0	0	0.0	0	0.0	0	0.0	0	0.0	0	0.0	0	0.0	0	0.0	0	0.25	1	1.0	3	0.333333333333	1	0.0	0	0.25	1	0.0	0	0.0	0	0.0	0	0.0	0	0.0	0	0.0	0	0.25	2	0.0	-1	0.166666666667	0	0.0	0	-0.25	-1	0.0	0	0.0	0	0.0	0	0.0	0	0.0	0	0.0	0	
0.0	0	1.0	4	0.0	0	0.0	0	0.0	0	0.0	0	0.0	0	0.0	0	0.0	0	0.0	0	0.0	0	0.0	0	1.0	3	0.0	0	0.0	0	0.0	0	0.0	0	0.0	0	0.0	0	0.0	0	0.0	0	0.0	0	0.0	0	0.0	1	0.0	0	0.0	0	0.0	0	0.0	0	0.0	0	0.0	0	0.0	0	0.0	0	0.0	0	
0.25	1	0.2	1	0.0	0	0.0	0	0.0	0	0.0	0	0.0	0	0.0	0	0.0	0	0.0	0	0.0	0	0.0	0	0.5	2	0.0	0	0.0	0	0.0	0	0.0	0	0.0	0	0.0	0	0.0	0	0.0	0	0.0	0	0.25	1	-0.3	-1	0.0	0	0.0	0	0.0	0	0.0	0	0.0	0	0.0	0	0.0	0	0.0	0	0.0	0	
0.0	0	0.25	1	0.0	0	0.0	0	0.0	0	0.0	0	0.0	0	0.0	0	0.0	0	0.0	0	0.0	0	0.0	0	0.333333333333	3	0.0	0	0.0	0	0.0	0	0.0	0	0.0	0	1.0	3	0.0	0	0.0	0	0.0	0	0.0	0	-0.0833333333333	-2	0.0	0	0.0	0	0.0	0	0.0	0	0.0	0	-1.0	-3	0.0	0	0.0	0	0.0	0	
0.333333333333	1	1.0	2	0.0	0	0.0	0	0.333333333333	1	0.0	0	0.0	0	0.0	0	0.0	0	0.0	0	0.0	0	0.0	0	0.0	0	0.0	0	0.0	0	0.0	0	0.0	0	0.0	0	0.5	3	0.0	0	0.0	0	0.0	0	0.333333333333	1	1.0	2	0.0	0	0.0	0	0.333333333333	1	0.0	0	0.0	0	-0.5	-3	0.0	0	0.0	0	0.0	0	
0.0	0	0.5	1	0.0	0	0.0	0	0.0	0	0.0	0	0.0	0	0.0	0	0.0	0	0.0	0	0.0	0	0.0	0	1.0	3	0.0	0	0.0	0	0.0	0	0.0	0	0.0	0	0.0	0	0.0	0	0.0	0	0.0	0	0.0	0	-0.5	-2	0.0	0	0.0	0	0.0	0	0.0	0	0.0	0	0.0	0	0.0	0	0.0	0	0.0	0	
0.0	0	0.0	0	0.0	0	0.0	0	0.0	0	0.0	0	0.0	0	0.0	0	0.0	0	0.0	0	0.0	0	0.0	0	0.0	0	0.0	0	0.0	0	0.0	0	0.0	0	0.0	0	0.0	0	0.0	0	0.5	1	0.0	0	0.0	0	0.0	0	0.0	0	0.0	0	0.0	0	0.0	0	0.0	0	0.0	0	0.0	0	-0.5	-1	0.0	0	
0.0	0	1.0	2	0.0	0	0.0	0	0.0	0	0.0	0	0.0	0	0.0	0	0.0	0	0.0	0	0.0	0	0.0	0	1.0	2	0.0	0	0.0	0	0.0	0	0.0	0	0.0	0	0.5	2	0.0	0	0.0	0	0.0	0	0.0	0	0.0	0	0.0	0	0.0	0	0.0	0	0.0	0	0.0	0	-0.5	-2	0.0	0	0.0	0	0.0	0	
0.333333333333	1	1.0	3	0.333333333333	1	0.0	0	0.0	0	0.0	0	0.0	0	0.0	0	0.0	0	0.0	0	0.0	0	0.0	0	0.5	3	0.5	1	0.0	0	0.0	0	0.0	0	0.2	1	0.0	0	0.0	0	0.0	0	0.0	0	0.333333333333	1	0.5	0	-0.166666666667	0	0.0	0	0.0	0	0.0	0	-0.2	-1	0.0	0	0.0	0	0.0	0	0.0	0	
1.0	1	1.0	4	1.0	1	0.0	0	0.0	0	0.0	0	0.0	0	0.0	0	0.0	0	0.0	0	0.0	0	0.0	0	1.0	4	1.0	1	0.0	0	0.0	0	0.0	0	0.0	0	0.333333333333	1	0.0	0	0.0	0	0.0	0	1.0	1	0.0	0	0.0	0	0.0	0	0.0	0	0.0	0	0.0	0	-0.333333333333	-1	0.0	0	0.0	0	0.0	0	
0.333333333333	1	0.5	4	0.0	0	0.2	1	0.0	0	0.0	0	0.0	0	0.0	0	0.333333333333	1	0.0	0	0.0	0	0.0	0	0.333333333333	1	0.0	0	0.0	0	0.0	0	0.0	0	0.0	0	1.0	2	0.0	0	0.0	0	0.0	0	0.333333333333	1	0.166666666667	3	0.0	0	0.2	1	0.0	0	0.0	0	0.0	0	-1.0	-2	0.333333333333	1	0.0	0	0.0	0	
0.25	1	0.0	0	0.25	1	0.0	0	0.0	0	0.0	0	0.0	0	0.0	0	0.0	0	0.0	0	0.0	0	0.0	0	1.0	1	0.0	0	0.0	0	0.0	0	0.0	0	0.0	0	0.0	0	0.0	0	0.0	0	0.0	0	0.25	1	-1.0	-1	0.25	1	0.0	0	0.0	0	0.0	0	0.0	0	0.0	0	0.0	0	0.0	0	0.0	0	
0.2	1	0.5	2	0.0	0	0.0	0	0.0	0	0.0	0	0.0	0	0.0	0	0.0	0	0.0	0	0.0	0	0.0	0	0.5	3	0.0	0	0.0	0	0.0	0	0.0	0	0.0	0	0.0	0	0.0	0	0.0	0	0.0	0	0.2	1	0.0	-1	0.0	0	0.0	0	0.0	0	0.0	0	0.0	0	0.0	0	0.0	0	0.0	0	0.0	0	
0.25	1	1.0	4	0.0	0	0.0	0	0.0	0	0.0	0	0.0	0	0.0	0	0.0	0	0.0	0	0.0	0	0.333333333333	1	1.0	2	0.0	0	0.0	0	0.0	0	0.0	0	0.0	0	0.0	0	0.0	0	0.0	0	0.0	0	-0.0833333333333	0	0.0	2	0.0	0	0.0	0	0.0	0	0.0	0	0.0	0	0.0	0	0.0	0	0.0	0	0.0	0	
1.0	2	0.333333333333	2	0.0	0	0.0	0	0.0	0	0.0	0	0.0	0	0.0	0	0.0	0	0.0	0	0.0	0	1.0	2	1.0	4	0.0	0	0.0	0	0.25	1	0.0	0	0.0	0	0.0	0	0.0	0	0.0	0	0.5	1	0.0	0	-0.666666666667	-2	0.0	0	0.0	0	-0.25	-1	0.0	0	0.0	0	0.0	0	0.0	0	0.0	0	-0.5	-1	
0.0	0	0.5	2	0.0	0	0.0	0	0.0	0	0.0	0	0.0	0	0.0	0	0.0	0	0.0	0	0.0	0	0.0	0	0.0	0	0.0	0	0.0	0	0.0	0	0.0	0	0.0	0	0.0	0	0.0	0	0.0	0	0.0	0	0.0	0	0.5	2	0.0	0	0.0	0	0.0	0	0.0	0	0.0	0	0.0	0	0.0	0	0.0	0	0.0	0	
1.0	1	1.0	3	0.0	0	0.0	0	0.0	0	0.0	0	0.0	0	0.0	0	0.0	0	0.0	0	0.0	0	0.0	0	0.0	0	0.0	0	0.0	0	0.0	0	0.0	0	0.0	0	0.0	0	0.0	0	0.0	0	0.0	0	1.0	1	1.0	3	0.0	0	0.0	0	0.0	0	0.0	0	0.0	0	0.0	0	0.0	0	0.0	0	0.0	0	
1.0	2	0.5	2	0.5	1	0.0	0	0.0	0	0.0	0	0.0	0	1.0	1	0.0	0	0.333333333333	1	0.0	0	0.0	0	0.333333333333	1	0.333333333333	1	0.0	0	0.0	0	0.0	0	0.0	0	0.0	0	0.0	0	0.0	0	0.0	0	1.0	2	0.166666666667	1	0.166666666667	0	0.0	0	0.0	0	0.0	0	0.0	0	1.0	1	0.0	0	0.333333333333	1	0.0	0	
0.0	0	0.5	3	0.0	0	0.0	0	0.0	0	0.0	0	0.0	0	0.0	0	0.0	0	0.0	0	0.0	0	0.333333333333	2	0.333333333333	1	0.0	0	0.0	0	0.0	0	0.0	0	0.0	0	0.0	0	0.0	0	0.0	0	0.333333333333	1	-0.333333333333	-2	0.166666666667	2	0.0	0	0.0	0	0.0	0	0.0	0	0.0	0	0.0	0	0.0	0	0.0	0	-0.333333333333	-1	
0.0	0	0.0	0	0.0	0	0.0	0	0.0	0	0.0	0	0.0	0	0.0	0	0.0	0	0.0	0	0.0	0	0.0	0	0.0	0	0.0	0	0.0	0	0.0	0	0.0	0	0.0	0	0.0	0	0.0	0	1.0	1	0.0	0	0.0	0	0.0	0	0.0	0	0.0	0	0.0	0	0.0	0	0.0	0	0.0	0	0.0	0	-1.0	-1	0.0	0	
0.333333333333	1	0.5	3	0.0	0	0.0	0	0.0	0	0.0	0	0.0	0	0.0	0	0.0	0	0.0	0	0.0	0	0.333333333333	1	0.333333333333	1	0.0	0	0.0	0	0.0	0	0.0	0	0.0	0	0.0	0	0.0	0	0.2	1	0.333333333333	1	0.0	0	0.166666666667	2	0.0	0	0.0	0	0.0	0	0.0	0	0.0	0	0.0	0	0.0	0	-0.2	-1	-0.333333333333	-1	
1.0	1	1.0	4	0.0	0	0.0	0	0.0	0	0.0	0	0.0	0	0.0	0	0.0	0	0.0	0	0.0	0	0.0	0	0.0	0	0.0	0	0.0	0	0.0	0	0.0	0	0.0	0	0.0	0	0.0	0	0.0	0	0.0	0	1.0	1	1.0	4	0.0	0	0.0	0	0.0	0	0.0	0	0.0	0	0.0	0	0.0	0	0.0	0	0.0	0	
1.0	1	0.5	3	0.0	0	0.0	0	0.0	0	0.0	0	0.0	0	0.0	0	0.0	0	0.0	0	0.0	0	1.0	1	0.333333333333	2	0.0	0	0.0	0	1.0	1	0.0	0	0.0	0	0.0	0	0.0	0	0.0	0	0.0	0	0.0	0	0.166666666667	1	0.0	0	0.0	0	-1.0	-1	0.0	0	0.0	0	0.0	0	0.0	0	0.0	0	0.0	0	
1.0	1	1.0	2	0.0	0	0.333333333333	1	0.0	0	0.0	0	0.0	0	0.0	0	0.0	0	0.0	0	0.0	0	0.0	0	0.5	3	0.0	0	0.0	0	0.0	0	0.0	0	0.0	0	1.0	1	0.0	0	0.0	0	0.0	0	1.0	1	0.5	-1	0.0	0	0.333333333333	1	0.0	0	0.0	0	0.0	0	-1.0	-1	0.0	0	0.0	0	0.0	0	
0.333333333333	1	1.0	2	0.0	0	0.0	0	0.0	0	0.0	0	0.0	0	0.0	0	0.0	0	0.0	0	0.0	0	0.0	0	0.333333333333	1	0.0	0	0.0	0	0.0	0	0.0	0	0.0	0	0.0	0	0.0	0	0.0	0	0.0	0	0.333333333333	1	0.666666666667	1	0.0	0	0.0	0	0.0	0	0.0	0	0.0	0	0.0	0	0.0	0	0.0	0	0.0	0	
0.25	1	0.25	1	0.25	1	0.0	0	0.0	0	0.0	0	0.0	0	0.0	0	0.0	0	0.0	0	0.0	0	0.5	1	1.0	2	0.0	0	0.0	0	0.0	0	0.0	0	0.0	0	0.0	0	0.0	0	0.0	0	0.5	1	-0.25	0	-0.75	-1	0.25	1	0.0	0	0.0	0	0.0	0	0.0	0	0.0	0	0.0	0	0.0	0	-0.5	-1	
0.0	0	0.5	1	0.0	0	0.0	0	0.0	0	0.0	0	0.0	0	0.0	0	0.0	0	0.0	0	0.0	0	0.0	0	0.2	1	0.0	0	0.0	0	0.0	0	0.0	0	0.0	0	0.0	0	0.0	0	1.0	1	0.0	0	0.0	0	0.3	0	0.0	0	0.0	0	0.0	0	0.0	0	0.0	0	0.0	0	0.0	0	-1.0	-1	0.0	0	
1.0	2	0.5	1	0.5	1	0.0	0	0.0	0	0.0	0	0.0	0	1.0	1	0.0	0	0.333333333333	2	0.0	0	1.0	1	1.0	3	0.333333333333	1	1.0	1	0.0	0	0.0	0	0.0	0	0.0	0	0.0	0	0.0	0	0.0	0	0.0	1	-0.5	-2	0.166666666667	0	-1.0	-1	0.0	0	0.0	0	0.0	0	1.0	1	0.0	0	0.333333333333	2	0.0	0	
1.0	4	0.25	2	1.0	2	0.0	0	0.0	0	0.0	0	0.0	0	0.0	0	0.0	0	0.0	0	0.0	0	0.0	0	0.333333333333	1	0.333333333333	1	0.0	0	0.0	0	0.0	0	0.0	0	1.0	3	0.0	0	0.0	0	0.0	0	1.0	4	-0.0833333333333	1	0.666666666667	1	0.0	0	0.0	0	0.0	0	0.0	0	-1.0	-3	0.0	0	0.0	0	0.0	0	
0.0	0	0.0	0	0.0	0	0.0	0	0.0	0	0.0	0	0.0	0	0.0	0	0.0	0	0.0	0	0.0	0	0.0	0	0.0	0	1.0	1	0.0	0	0.0	0	0.0	0	0.0	0	0.5	2	0.0	0	0.333333333333	1	0.0	0	0.0	0	0.0	0	-1.0	-1	0.0	0	0.0	0	0.0	0	0.0	0	-0.5	-2	0.0	0	-0.333333333333	-1	0.0	0	
0.333333333333	1	1.0	3	0.333333333333	1	0.0	0	0.0	0	0.0	0	0.0	0	0.0	0	0.0	0	0.0	0	0.0	0	0.333333333333	1	0.333333333333	2	0.2	1	0.0	0	0.0	0	0.0	0	0.0	0	0.0	0	0.0	0	0.0	0	0.333333333333	1	0.0	0	0.666666666667	1	0.133333333333	0	0.0	0	0.0	0	0.0	0	0.0	0	0.0	0	0.0	0	0.0	0	-0.333333333333	-1	
1.0	1	1.0	4	0.0	0	0.0	0	0.0	0	0.0	0	0.0	0	0.0	0	1.0	1	0.0	0	0.0	0	0.0	0	0.333333333333	1	0.0	0	0.0	0	0.0	0	0.0	0	0.0	0	0.2	1	0.0	0	0.25	1	0.0	0	1.0	1	0.666666666667	3	0.0	0	0.0	0	0.0	0	0.0	0	0.0	0	-0.2	-1	1.0	1	-0.25	-1	0.0	0	
1.0	3	1.0	4	0.25	1	0.0	0	0.0	0	0.0	0	0.0	0	0.0	0	1.0	1	0.0	0	0.0	0	0.0	0	0.333333333333	2	0.0	0	0.0	0	0.0	0	0.0	0	0.0	0	0.5	1	0.0	0	0.0	0	0.0	0	1.0	3	0.666666666667	2	0.25	1	0.0	0	0.0	0	0.0	0	0.0	0	-0.5	-1	1.0	1	0.0	0	0.0	0	
0.0	0	0.333333333333	1	0.0	0	0.0	0	0.0	0	0.0	0	0.0	0	0.0	0	0.0	0	0.0	0	0.0	0	0.0	0	0.0	0	0.0	0	0.0	0	0.0	0	0.0	0	0.0	0	0.0	0	0.0	0	0.0	0	0.0	0	0.0	0	0.333333333333	1	0.0	0	0.0	0	0.0	0	0.0	0	0.0	0	0.0	0	0.0	0	0.0	0	0.0	0	
1.0	2	0.5	4	0.0	0	0.0	0	0.0	0	0.0	0	0.0	0	0.0	0	0.0	0	0.0	0	0.0	0	0.0	0	0.333333333333	3	0.25	1	0.0	0	0.0	0	0.0	0	0.0	0	0.5	1	0.0	0	0.0	0	0.0	0	1.0	2	0.166666666667	1	-0.25	-1	0.0	0	0.0	0	0.0	0	0.0	0	-0.5	-1	0.0	0	0.0	0	0.0	0	
1.0	2	1.0	3	1.0	1	0.333333333333	2	0.0	0	0.0	0	0.0	0	0.0	0	0.0	0	0.0	0	0.0	0	0.5	1	1.0	3	1.0	1	0.2	1	0.5	1	0.0	0	0.0	0	0.25	1	0.0	0	0.0	0	0.0	0	0.5	1	0.0	0	0.0	0	0.133333333333	1	-0.5	-1	0.0	0	0.0	0	-0.25	-1	0.0	0	0.0	0	0.0	0	
0.0	0	0.5	3	0.0	0	0.0	0	0.0	0	0.0	0	0.0	0	0.0	0	0.0	0	0.0	0	0.0	0	0.0	0	1.0	2	0.0	0	0.0	0	0.0	0	0.0	0	0.0	0	0.0	0	0.0	0	0.0	0	0.0	0	0.0	0	-0.5	1	0.0	0	0.0	0	0.0	0	0.0	0	0.0	0	0.0	0	0.0	0	0.0	0	0.0	0	
0.0	0	0.25	2	0.0	0	0.0	0	0.0	0	0.0	0	0.0	0	0.0	0	0.0	0	0.0	0	0.0	0	0.0	0	0.5	1	0.5	1	0.0	0	0.0	0	0.0	0	0.0	0	0.333333333333	1	0.0	0	0.0	0	0.0	0	0.0	0	-0.25	1	-0.5	-1	0.0	0	0.0	0	0.0	0	0.0	0	-0.333333333333	-1	0.0	0	0.0	0	0.0	0	
1.0	1	1.0	2	0.0	0	0.0	0	0.0	0	0.0	0	0.0	0	0.0	0	1.0	1	0.0	0	0.0	0	0.0	0	0.0	0	0.0	0	0.0	0	0.0	0	0.0	0	0.0	0	1.0	2	0.0	0	0.2	1	0.0	0	1.0	1	1.0	2	0.0	0	0.0	0	0.0	0	0.0	0	0.0	0	-1.0	-2	1.0	1	-0.2	-1	0.0	0	
0.0	0	1.0	3	0.0	0	0.0	0	0.0	0	0.0	0	0.0	0	0.0	0	0.0	0	0.0	0	0.0	0	0.0	0	1.0	3	0.0	0	0.0	0	0.0	0	0.0	0	0.0	0	0.0	0	0.0	0	0.0	0	0.0	0	0.0	0	0.0	0	0.0	0	0.0	0	0.0	0	0.0	0	0.0	0	0.0	0	0.0	0	0.0	0	0.0	0	
1.0	3	1.0	5	0.333333333333	1	0.0	0	1.0	1	0.0	0	0.0	0	0.0	0	0.0	0	0.0	0	0.0	0	0.0	0	1.0	3	0.333333333333	1	0.0	0	0.0	0	0.0	0	0.0	0	0.0	0	0.0	0	0.0	0	0.0	0	1.0	3	0.0	2	0.0	0	0.0	0	1.0	1	0.0	0	0.0	0	0.0	0	0.0	0	0.0	0	0.0	0	
1.0	1	1.0	3	1.0	1	0.0	0	0.0	0	0.0	0	0.0	0	0.0	0	0.0	0	0.0	0	0.0	0	0.0	0	1.0	2	1.0	1	0.0	0	0.0	0	0.0	0	0.0	0	0.0	0	0.0	0	0.0	0	0.0	0	1.0	1	0.0	1	0.0	0	0.0	0	0.0	0	0.0	0	0.0	0	0.0	0	0.0	0	0.0	0	0.0	0	
0.333333333333	2	0.5	3	0.2	1	0.0	0	0.0	0	0.0	0	0.0	0	0.0	0	0.0	0	0.0	0	0.0	0	1.0	1	1.0	2	0.0	0	0.0	0	1.0	1	0.0	0	0.0	0	0.0	0	0.0	0	0.0	0	0.0	0	-0.666666666667	1	-0.5	1	0.2	1	0.0	0	-1.0	-1	0.0	0	0.0	0	0.0	0	0.0	0	0.0	0	0.0	0	
0.0	0	1.0	4	0.0	0	0.0	0	0.0	0	0.0	0	0.0	0	0.0	0	0.0	0	0.0	0	0.0	0	0.333333333333	1	1.0	4	0.25	1	0.333333333333	1	0.0	0	0.0	0	0.0	0	0.0	0	0.0	0	0.0	0	0.0	0	-0.333333333333	-1	0.0	0	-0.25	-1	-0.333333333333	-1	0.0	0	0.0	0	0.0	0	0.0	0	0.0	0	0.0	0	0.0	0	
0.25	1	0.25	1	0.0	0	0.0	0	0.0	0	0.0	0	0.0	0	0.0	0	0.25	1	0.0	0	0.0	0	0.0	0	0.2	1	0.0	0	0.2	1	0.0	0	0.0	0	0.0	0	1.0	2	0.0	0	0.0	0	0.0	0	0.25	1	0.05	0	0.0	0	-0.2	-1	0.0	0	0.0	0	0.0	0	-1.0	-2	0.25	1	0.0	0	0.0	0	
0.0	0	0.0	0	0.0	0	0.0	0	0.0	0	0.0	0	0.0	0	0.0	0	0.0	0	0.0	0	0.0	0	0.0	0	0.2	1	0.0	0	0.0	0	0.0	0	0.0	0	0.0	0	0.333333333333	1	0.0	0	0.0	0	0.0	0	0.0	0	-0.2	-1	0.0	0	0.0	0	0.0	0	0.0	0	0.0	0	-0.333333333333	-1	0.0	0	0.0	0	0.0	0	
1.0	2	1.0	1	1.0	1	0.0	0	0.0	0	0.0	0	0.0	0	0.0	0	0.0	0	0.0	0	0.0	0	0.0	0	1.0	1	1.0	1	0.0	0	0.0	0	0.0	0	0.0	0	0.2	1	0.0	0	0.5	1	0.0	0	1.0	2	0.0	0	0.0	0	0.0	0	0.0	0	0.0	0	0.0	0	-0.2	-1	0.0	0	-0.5	-1	0.0	0	
1.0	2	1.0	3	1.0	1	0.0	0	0.0	0	0.0	0	0.0	0	0.0	0	0.0	0	0.0	0	0.0	0	0.0	0	1.0	4	0.0	0	0.2	1	0.25	1	0.0	0	0.0	0	0.5	1	0.0	0	0.0	0	0.0	0	1.0	2	0.0	-1	1.0	1	-0.2	-1	-0.25	-1	0.0	0	0.0	0	-0.5	-1	0.0	0	0.0	0	0.0	0	
1.0	2	1.0	3	1.0	1	0.0	0	0.0	0	0.0	0	0.0	0	0.0	0	0.0	0	0.0	0	0.0	0	0.0	0	0.5	1	0.5	1	0.0	0	0.0	0	0.0	0	0.0	0	0.2	1	0.0	0	0.0	0	0.0	0	1.0	2	0.5	2	0.5	0	0.0	0	0.0	0	0.0	0	0.0	0	-0.2	-1	0.0	0	0.0	0	0.0	0	
1.0	1	1.0	3	0.0	0	0.0	0	1.0	1	0.0	0	0.0	0	0.0	0	0.0	0	0.0	0	0.0	0	0.0	0	1.0	4	0.0	0	0.0	0	0.0	0	0.0	0	0.0	0	0.2	1	0.0	0	0.0	0	0.0	0	1.0	1	0.0	-1	0.0	0	0.0	0	1.0	1	0.0	0	0.0	0	-0.2	-1	0.0	0	0.0	0	0.0	0	
0.0	0	0.5	1	0.0	0	0.0	0	0.0	0	0.0	0	0.0	0	0.0	0	0.0	0	0.0	0	0.0	0	0.0	0	1.0	1	0.0	0	0.0	0	0.0	0	0.0	0	0.0	0	0.0	0	0.0	0	0.0	0	0.0	0	0.0	0	-0.5	0	0.0	0	0.0	0	0.0	0	0.0	0	0.0	0	0.0	0	0.0	0	0.0	0	0.0	0	
1.0	2	1.0	2	1.0	1	0.0	0	0.0	0	0.0	0	0.0	0	0.0	0	0.0	0	0.0	0	0.0	0	0.0	0	0.5	1	1.0	1	0.0	0	0.0	0	0.0	0	0.0	0	0.0	0	0.0	0	0.0	0	0.0	0	1.0	2	0.5	1	0.0	0	0.0	0	0.0	0	0.0	0	0.0	0	0.0	0	0.0	0	0.0	0	0.0	0	
0.0	0	1.0	1	0.0	0	0.0	0	0.0	0	0.0	0	0.0	0	0.0	0	0.0	0	0.0	0	0.0	0	0.0	0	1.0	1	0.0	0	0.0	0	0.0	0	0.0	0	0.0	0	0.0	0	0.0	0	0.0	0	0.0	0	0.0	0	0.0	0	0.0	0	0.0	0	0.0	0	0.0	0	0.0	0	0.0	0	0.0	0	0.0	0	0.0	0	
1.0	2	1.0	3	1.0	1	0.0	0	0.0	0	0.0	0	0.0	0	0.0	0	0.0	0	0.0	0	0.0	0	0.0	0	1.0	2	0.5	1	0.0	0	0.0	0	0.0	0	0.0	0	0.2	1	0.0	0	0.0	0	0.0	0	1.0	2	0.0	1	0.5	0	0.0	0	0.0	0	0.0	0	0.0	0	-0.2	-1	0.0	0	0.0	0	0.0	0	
0.25	1	1.0	5	0.0	0	0.0	0	0.0	0	0.0	0	0.0	0	0.0	0	0.0	0	0.0	0	0.0	0	0.0	0	0.5	1	0.0	0	0.0	0	0.0	0	0.0	0	0.0	0	0.0	0	0.0	0	0.0	0	0.0	0	0.25	1	0.5	4	0.0	0	0.0	0	0.0	0	0.0	0	0.0	0	0.0	0	0.0	0	0.0	0	0.0	0	
0.0	0	0.5	2	0.0	0	0.0	0	0.0	0	0.0	0	0.0	0	0.0	0	0.0	0	0.0	0	0.0	0	0.0	0	0.0	0	0.0	0	0.0	0	0.0	0	0.0	0	0.0	0	0.0	0	0.0	0	0.0	0	0.0	0	0.0	0	0.5	2	0.0	0	0.0	0	0.0	0	0.0	0	0.0	0	0.0	0	0.0	0	0.0	0	0.0	0	
1.0	1	1.0	5	1.0	1	0.5	3	0.0	0	0.0	0	0.0	0	0.0	0	0.0	0	0.0	0	0.0	0	0.0	0	1.0	5	0.5	1	1.0	4	0.0	0	0.0	0	0.0	0	0.0	0	0.0	0	0.0	0	0.0	0	1.0	1	0.0	0	0.5	0	-0.5	-1	0.0	0	0.0	0	0.0	0	0.0	0	0.0	0	0.0	0	0.0	0	
0.0	0	1.0	4	0.0	0	1.0	4	0.0	0	0.0	0	0.0	0	0.0	0	0.0	0	0.0	0	0.0	0	0.0	0	0.5	4	0.0	0	1.0	4	0.0	0	0.0	0	0.0	0	0.0	0	0.0	0	0.0	0	0.0	0	0.0	0	0.5	0	0.0	0	0.0	0	0.0	0	0.0	0	0.0	0	0.0	0	0.0	0	0.0	0	0.0	0	
0.333333333333	1	1.0	4	0.333333333333	1	0.0	0	0.0	0	0.0	0	0.0	0	0.0	0	0.0	0	0.0	0	0.0	0	0.0	0	0.333333333333	3	0.5	1	0.25	1	0.0	0	0.0	0	0.0	0	0.0	0	0.0	0	0.0	0	0.0	0	0.333333333333	1	0.666666666667	1	-0.166666666667	0	-0.25	-1	0.0	0	0.0	0	0.0	0	0.0	0	0.0	0	0.0	0	0.0	0	
0.333333333333	2	1.0	2	0.333333333333	1	0.0	0	0.0	0	0.0	0	0.0	0	0.0	0	0.0	0	0.0	0	0.0	0	0.2	1	0.5	3	0.5	1	0.0	0	0.0	0	0.0	0	0.0	0	0.0	0	0.0	0	0.0	0	0.2	1	0.133333333333	1	0.5	-1	-0.166666666667	0	0.0	0	0.0	0	0.0	0	0.0	0	0.0	0	0.0	0	0.0	0	-0.2	-1	
0.5	1	0.2	1	0.0	0	0.0	0	0.0	0	0.0	0	0.0	0	0.0	0	0.0	0	0.0	0	0.0	0	0.0	0	0.25	1	0.0	0	0.0	0	0.0	0	0.0	0	0.0	0	1.0	3	0.0	0	0.0	0	0.0	0	0.5	1	-0.05	0	0.0	0	0.0	0	0.0	0	0.0	0	0.0	0	-1.0	-3	0.0	0	0.0	0	0.0	0	
0.0	0	0.0	0	0.0	0	0.0	0	0.0	0	0.0	0	0.0	0	0.0	0	0.0	0	0.0	0	0.0	0	0.0	0	1.0	2	0.0	0	0.0	0	0.0	0	0.0	0	0.0	0	0.0	0	0.0	0	0.25	1	0.0	0	0.0	0	-1.0	-2	0.0	0	0.0	0	0.0	0	0.0	0	0.0	0	0.0	0	0.0	0	-0.25	-1	0.0	0	
1.0	1	0.333333333333	2	0.0	0	0.0	0	0.0	0	0.0	0	0.0	0	0.0	0	0.0	0	0.0	0	0.0	0	1.0	1	0.25	1	0.0	0	0.0	0	1.0	1	0.0	0	0.0	0	0.0	0	0.0	0	0.0	0	0.0	0	0.0	0	0.0833333333333	1	0.0	0	0.0	0	-1.0	-1	0.0	0	0.0	0	0.0	0	0.0	0	0.0	0	0.0	0	
0.0	0	0.0	0	0.0	0	0.0	0	0.0	0	0.0	0	0.0	0	0.0	0	0.0	0	0.0	0	0.0	0	0.0	0	0.0	0	0.0	0	0.0	0	0.0	0	0.0	0	0.0	0	0.0	0	0.0	0	0.5	1	0.0	0	0.0	0	0.0	0	0.0	0	0.0	0	0.0	0	0.0	0	0.0	0	0.0	0	0.0	0	-0.5	-1	0.0	0	
0.0	0	1.0	1	0.0	0	0.0	0	0.0	0	0.0	0	0.0	0	0.0	0	0.0	0	0.0	0	0.0	0	0.0	0	0.0	0	0.0	0	0.0	0	0.0	0	0.0	0	0.0	0	0.0	0	0.0	0	0.0	0	0.0	0	0.0	0	1.0	1	0.0	0	0.0	0	0.0	0	0.0	0	0.0	0	0.0	0	0.0	0	0.0	0	0.0	0	
1.0	1	0.333333333333	2	0.0	0	0.0	0	0.0	0	0.0	0	0.0	0	1.0	1	0.0	0	0.5	3	0.0	0	0.5	1	1.0	2	0.0	0	0.5	1	0.0	0	0.0	0	0.0	0	0.0	0	0.0	0	0.0	0	0.0	0	0.5	0	-0.666666666667	0	0.0	0	-0.5	-1	0.0	0	0.0	0	0.0	0	1.0	1	0.0	0	0.5	3	0.0	0	
1.0	1	1.0	2	0.0	0	0.0	0	1.0	1	0.0	0	0.0	0	0.0	0	0.0	0	0.0	0	0.0	0	0.0	0	1.0	1	0.0	0	0.0	0	0.0	0	0.0	0	0.0	0	0.0	0	0.0	0	0.0	0	0.0	0	1.0	1	0.0	1	0.0	0	0.0	0	1.0	1	0.0	0	0.0	0	0.0	0	0.0	0	0.0	0	0.0	0	
0.5	1	1.0	4	0.5	1	1.0	3	0.0	0	0.0	0	0.0	0	0.0	0	0.0	0	0.0	0	0.0	0	1.0	1	1.0	2	0.2	1	1.0	2	0.0	0	0.0	0	0.0	0	0.0	0	0.0	0	0.0	0	0.0	0	-0.5	0	0.0	2	0.3	0	0.0	1	0.0	0	0.0	0	0.0	0	0.0	0	0.0	0	0.0	0	0.0	0	
0.0	0	1.0	1	0.0	0	0.0	0	0.0	0	0.0	0	0.0	0	0.0	0	0.0	0	0.0	0	0.0	0	0.0	0	0.5	1	0.0	0	0.0	0	0.0	0	0.0	0	0.0	0	0.2	1	0.0	0	1.0	1	0.0	0	0.0	0	0.5	0	0.0	0	0.0	0	0.0	0	0.0	0	0.0	0	-0.2	-1	0.0	0	-1.0	-1	0.0	0	
0.0	0	0.0	0	0.0	0	0.0	0	0.0	0	0.0	0	0.0	0	0.0	0	0.0	0	0.0	0	0.0	0	0.0	0	0.0	0	0.0	0	0.0	0	0.0	0	0.0	0	0.0	0	0.5	1	0.0	0	0.0	0	0.0	0	0.0	0	0.0	0	0.0	0	0.0	0	0.0	0	0.0	0	0.0	0	-0.5	-1	0.0	0	0.0	0	0.0	0	
0.0	0	0.0	0	0.0	0	0.0	0	0.0	0	0.0	0	0.0	0	0.0	0	0.0	0	0.0	0	0.0	0	0.0	0	0.0	0	0.0	0	0.0	0	0.0	0	0.0	0	0.0	0	0.0	0	0.0	0	0.0	0	0.0	0	0.0	0	0.0	0	0.0	0	0.0	0	0.0	0	0.0	0	0.0	0	0.0	0	0.0	0	0.0	0	0.0	0	
0.5	1	1.0	3	0.0	0	0.0	0	0.0	0	0.0	0	0.0	0	0.0	0	0.0	0	0.0	0	0.0	0	0.0	0	1.0	3	0.0	0	0.0	0	0.0	0	0.0	0	0.0	0	0.25	1	0.0	0	0.0	0	0.0	0	0.5	1	0.0	0	0.0	0	0.0	0	0.0	0	0.0	0	0.0	0	-0.25	-1	0.0	0	0.0	0	0.0	0	
0.0	0	1.0	4	0.0	0	0.0	0	0.0	0	0.0	0	0.0	0	0.0	0	0.0	0	0.0	0	0.0	0	0.0	0	1.0	3	0.0	0	0.0	0	0.0	0	0.0	0	0.0	0	0.0	0	0.0	0	0.0	0	0.0	0	0.0	0	0.0	1	0.0	0	0.0	0	0.0	0	0.0	0	0.0	0	0.0	0	0.0	0	0.0	0	0.0	0	
0.5	1	1.0	2	0.5	1	0.0	0	0.0	0	0.0	0	0.0	0	0.0	0	0.0	0	0.0	0	0.0	0	0.25	1	0.333333333333	2	0.2	1	0.0	0	0.25	1	0.0	0	0.0	0	0.0	0	0.0	0	0.0	0	0.0	0	0.25	0	0.666666666667	0	0.3	0	0.0	0	-0.25	-1	0.0	0	0.0	0	0.0	0	0.0	0	0.0	0	0.0	0	
0.25	1	0.25	1	0.0	0	0.0	0	0.0	0	0.0	0	0.0	0	0.0	0	0.0	0	0.0	0	0.25	1	0.5	1	0.5	1	0.0	0	0.0	0	0.0	0	0.0	0	0.0	0	0.0	0	0.0	0	0.0	0	0.5	1	-0.25	0	-0.25	0	0.0	0	0.0	0	0.0	0	0.0	0	0.0	0	0.0	0	0.0	0	0.0	0	-0.25	0	
0.0	0	0.5	2	0.0	0	0.0	0	0.0	0	0.0	0	0.0	0	0.0	0	0.0	0	0.0	0	0.0	0	0.0	0	0.25	1	0.0	0	0.0	0	0.0	0	0.0	0	0.0	0	1.0	2	0.0	0	0.0	0	0.0	0	0.0	0	0.25	1	0.0	0	0.0	0	0.0	0	0.0	0	0.0	0	-1.0	-2	0.0	0	0.0	0	0.0	0	
0.0	0	0.333333333333	3	0.0	0	0.0	0	0.0	0	0.0	0	0.0	0	0.0	0	0.0	0	0.0	0	0.0	0	0.0	0	0.5	2	0.0	0	0.0	0	0.0	0	0.0	0	0.0	0	0.0	0	0.0	0	0.0	0	0.0	0	0.0	0	-0.166666666667	1	0.0	0	0.0	0	0.0	0	0.0	0	0.0	0	0.0	0	0.0	0	0.0	0	0.0	0	
1.0	1	1.0	3	0.0	0	0.0	0	0.0	0	0.0	0	0.0	0	0.0	0	1.0	1	0.0	0	0.0	0	0.0	0	1.0	2	0.0	0	0.0	0	0.0	0	0.0	0	0.0	0	0.333333333333	1	0.0	0	0.0	0	0.0	0	1.0	1	0.0	1	0.0	0	0.0	0	0.0	0	0.0	0	0.0	0	-0.333333333333	-1	1.0	1	0.0	0	0.0	0	
0.0	0	0.333333333333	1	0.0	0	0.0	0	0.0	0	0.0	0	0.0	0	0.0	0	0.0	0	0.0	0	0.0	0	0.0	0	0.0	0	0.0	0	0.0	0	0.0	0	0.0	0	0.0	0	0.0	0	0.0	0	0.0	0	0.0	0	0.0	0	0.333333333333	1	0.0	0	0.0	0	0.0	0	0.0	0	0.0	0	0.0	0	0.0	0	0.0	0	0.0	0	
0.333333333333	1	0.5	3	0.0	0	0.0	0	0.0	0	0.0	0	0.0	0	0.0	0	0.0	0	0.0	0	0.0	0	0.0	0	1.0	2	0.0	0	0.0	0	0.0	0	0.0	0	0.0	0	0.0	0	0.0	0	0.0	0	0.0	0	0.333333333333	1	-0.5	1	0.0	0	0.0	0	0.0	0	0.0	0	0.0	0	0.0	0	0.0	0	0.0	0	0.0	0	
1.0	2	0.0	0	1.0	1	0.0	0	0.0	0	0.0	0	0.0	0	0.0	0	0.0	0	0.0	0	0.0	0	0.0	0	0.5	1	1.0	1	0.0	0	0.0	0	0.0	0	0.0	0	0.0	0	0.0	0	0.0	0	0.5	1	1.0	2	-0.5	-1	0.0	0	0.0	0	0.0	0	0.0	0	0.0	0	0.0	0	0.0	0	0.0	0	-0.5	-1	
0.0	0	0.0	0	0.0	0	0.0	0	0.0	0	0.0	0	0.0	0	0.0	0	0.0	0	0.0	0	0.0	0	0.0	0	0.0	0	0.0	0	0.0	0	0.0	0	0.0	0	0.0	0	0.0	0	0.0	0	0.0	0	0.0	0	0.0	0	0.0	0	0.0	0	0.0	0	0.0	0	0.0	0	0.0	0	0.0	0	0.0	0	0.0	0	0.0	0	
1.0	2	1.0	3	1.0	1	0.0	0	0.0	0	0.0	0	0.0	0	0.0	0	0.0	0	0.0	0	0.0	0	0.0	0	1.0	3	0.2	1	0.0	0	0.0	0	0.0	0	0.0	0	0.0	0	0.0	0	0.0	0	0.0	0	1.0	2	0.0	0	0.8	0	0.0	0	0.0	0	0.0	0	0.0	0	0.0	0	0.0	0	0.0	0	0.0	0	
1.0	2	1.0	4	0.0	0	0.0	0	0.0	0	0.0	0	0.0	0	0.0	0	0.0	0	0.0	0	0.0	0	0.0	0	0.25	2	0.0	0	0.0	0	0.0	0	0.0	0	0.2	1	0.0	0	0.0	0	0.0	0	0.0	0	1.0	2	0.75	2	0.0	0	0.0	0	0.0	0	0.0	0	-0.2	-1	0.0	0	0.0	0	0.0	0	0.0	0	
0.0	0	0.333333333333	2	0.0	0	0.0	0	0.0	0	0.0	0	0.0	0	0.0	0	0.0	0	0.0	0	0.0	0	0.0	0	0.5	2	0.0	0	0.0	0	0.0	0	0.0	0	0.0	0	0.0	0	0.0	0	0.0	0	0.0	0	0.0	0	-0.166666666667	0	0.0	0	0.0	0	0.0	0	0.0	0	0.0	0	0.0	0	0.0	0	0.0	0	0.0	0	
0.0	0	1.0	3	0.0	0	0.0	0	0.0	0	0.0	0	0.0	0	0.0	0	0.0	0	0.0	0	0.0	0	0.0	0	0.25	1	0.0	0	0.25	1	0.0	0	0.0	0	0.0	0	1.0	3	0.0	0	0.0	0	0.0	0	0.0	0	0.75	2	0.0	0	-0.25	-1	0.0	0	0.0	0	0.0	0	-1.0	-3	0.0	0	0.0	0	0.0	0	
0.2	1	0.5	3	0.2	1	0.0	0	0.0	0	0.0	0	0.0	0	0.0	0	0.0	0	0.0	0	0.0	0	0.0	0	0.25	1	0.5	1	0.0	0	0.0	0	0.0	0	0.0	0	0.0	0	0.0	0	0.0	0	0.25	1	0.2	1	0.25	2	-0.3	0	0.0	0	0.0	0	0.0	0	0.0	0	0.0	0	0.0	0	0.0	0	-0.25	-1	
0.2	1	0.2	1	0.0	0	0.0	0	0.0	0	0.0	0	0.0	0	0.0	0	0.0	0	0.0	0	0.0	0	0.0	0	0.0	0	0.0	0	0.0	0	0.0	0	0.0	0	0.0	0	0.2	1	0.0	0	0.0	0	0.0	0	0.2	1	0.2	1	0.0	0	0.0	0	0.0	0	0.0	0	0.0	0	-0.2	-1	0.0	0	0.0	0	0.0	0	
1.0	3	1.0	4	0.333333333333	1	0.0	0	0.0	0	0.0	0	0.0	0	0.0	0	0.0	0	0.0	0	0.0	0	0.0	0	0.5	4	0.25	1	0.0	0	0.0	0	0.0	0	0.0	0	0.0	0	0.0	0	0.0	0	0.0	0	1.0	3	0.5	0	0.0833333333333	0	0.0	0	0.0	0	0.0	0	0.0	0	0.0	0	0.0	0	0.0	0	0.0	0	
0.25	1	1.0	4	0.0	0	0.0	0	0.0	0	0.0	0	0.0	0	0.0	0	0.0	0	0.0	0	0.0	0	0.0	0	1.0	3	0.0	0	0.0	0	0.0	0	0.0	0	0.0	0	0.0	0	0.0	0	0.0	0	0.0	0	0.25	1	0.0	1	0.0	0	0.0	0	0.0	0	0.0	0	0.0	0	0.0	0	0.0	0	0.0	0	0.0	0	
0.0	0	1.0	1	0.0	0	0.0	0	0.0	0	0.0	0	0.0	0	0.0	0	0.0	0	0.0	0	0.0	0	0.0	0	0.0	0	0.0	0	0.0	0	0.0	0	0.0	0	0.0	0	0.25	1	0.0	0	0.0	0	0.0	0	0.0	0	1.0	1	0.0	0	0.0	0	0.0	0	0.0	0	0.0	0	-0.25	-1	0.0	0	0.0	0	0.0	0	
0.5	2	1.0	2	0.2	1	0.0	0	0.0	0	0.0	0	0.0	0	0.0	0	0.0	0	0.0	0	0.0	0	0.0	0	0.0	0	0.5	1	0.0	0	0.0	0	0.0	0	0.0	0	0.0	0	0.0	0	0.0	0	0.0	0	0.5	2	1.0	2	-0.3	0	0.0	0	0.0	0	0.0	0	0.0	0	0.0	0	0.0	0	0.0	0	0.0	0	
0.0	0	1.0	3	0.0	0	0.0	0	0.0	0	0.0	0	0.0	0	0.0	0	0.0	0	0.0	0	0.0	0	0.0	0	0.333333333333	2	0.0	0	0.0	0	0.0	0	0.0	0	0.0	0	0.5	2	0.0	0	1.0	1	0.0	0	0.0	0	0.666666666667	1	0.0	0	0.0	0	0.0	0	0.0	0	0.0	0	-0.5	-2	0.0	0	-1.0	-1	0.0	0	
0.333333333333	2	0.5	3	0.2	1	0.0	0	0.0	0	0.0	0	0.0	0	0.0	0	0.0	0	0.0	0	0.0	0	0.5	1	1.0	3	0.2	1	0.0	0	0.5	1	0.0	0	0.0	0	0.25	1	0.0	0	0.0	0	0.0	0	-0.166666666667	1	-0.5	0	0.0	0	0.0	0	-0.5	-1	0.0	0	0.0	0	-0.25	-1	0.0	0	0.0	0	0.0	0	
0.0	0	0.0	0	0.0	0	0.0	0	0.0	0	0.0	0	0.0	0	0.0	0	0.0	0	0.0	0	0.0	0	0.5	1	0.5	1	0.0	0	0.0	0	0.0	0	0.0	0	0.0	0	1.0	2	0.0	0	0.0	0	0.5	1	-0.5	-1	-0.5	-1	0.0	0	0.0	0	0.0	0	0.0	0	0.0	0	-1.0	-2	0.0	0	0.0	0	-0.5	-1	
1.0	5	0.5	2	1.0	2	0.0	0	0.0	0	0.0	0	0.0	0	0.0	0	0.0	0	0.0	0	0.0	0	0.0	0	0.5	1	0.333333333333	1	0.0	0	0.0	0	0.0	0	1.0	1	0.0	0	0.0	0	0.0	0	0.0	0	1.0	5	0.0	1	0.666666666667	1	0.0	0	0.0	0	0.0	0	-1.0	-1	0.0	0	0.0	0	0.0	0	0.0	0	
1.0	2	1.0	3	0.0	0	0.0	0	0.0	0	0.0	0	0.0	0	0.0	0	0.0	0	0.0	0	0.0	0	0.2	1	0.5	3	0.0	0	0.0	0	0.0	0	0.0	0	0.0	0	0.0	0	0.0	0	0.0	0	0.2	1	0.8	1	0.5	0	0.0	0	0.0	0	0.0	0	0.0	0	0.0	0	0.0	0	0.0	0	0.0	0	-0.2	-1	
0.0	0	0.0	0	0.0	0	0.0	0	0.0	0	0.0	0	0.0	0	0.0	0	0.0	0	0.0	0	0.0	0	0.0	0	0.5	2	0.5	1	0.0	0	0.0	0	0.0	0	0.0	0	1.0	2	0.0	0	0.0	0	0.0	0	0.0	0	-0.5	-2	-0.5	-1	0.0	0	0.0	0	0.0	0	0.0	0	-1.0	-2	0.0	0	0.0	0	0.0	0	
0.5	2	1.0	4	0.5	1	0.0	0	0.0	0	0.0	0	0.0	0	0.0	0	0.0	0	0.0	0	0.0	0	0.25	1	1.0	3	1.0	1	0.0	0	0.0	0	0.0	0	0.0	0	0.0	0	0.0	0	0.0	0	0.25	1	0.25	1	0.0	1	-0.5	0	0.0	0	0.0	0	0.0	0	0.0	0	0.0	0	0.0	0	0.0	0	-0.25	-1	
1.0	2	0.5	4	0.0	0	0.25	1	0.0	0	0.0	0	0.0	0	0.0	0	0.0	0	0.0	0	0.0	0	0.0	0	1.0	1	0.0	0	0.25	1	0.0	0	0.0	0	0.0	0	0.2	1	0.0	0	0.0	0	0.0	0	1.0	2	-0.5	3	0.0	0	0.0	0	0.0	0	0.0	0	0.0	0	-0.2	-1	0.0	0	0.0	0	0.0	0	
0.0	0	0.5	3	0.0	0	0.0	0	0.0	0	0.0	0	0.0	0	0.0	0	0.0	0	0.0	0	0.0	0	0.0	0	0.333333333333	2	0.0	0	0.0	0	0.0	0	0.0	0	0.0	0	1.0	2	0.0	0	0.0	0	0.0	0	0.0	0	0.166666666667	1	0.0	0	0.0	0	0.0	0	0.0	0	0.0	0	-1.0	-2	0.0	0	0.0	0	0.0	0	
0.0	0	0.5	1	0.0	0	0.0	0	0.0	0	0.0	0	0.0	0	0.0	0	0.0	0	0.0	0	0.0	0	0.0	0	0.0	0	0.0	0	0.0	0	0.0	0	0.0	0	0.0	0	0.0	0	0.0	0	0.0	0	0.0	0	0.0	0	0.5	1	0.0	0	0.0	0	0.0	0	0.0	0	0.0	0	0.0	0	0.0	0	0.0	0	0.0	0	
1.0	1	1.0	4	1.0	1	0.0	0	0.0	0	0.0	0	0.0	0	0.0	0	0.0	0	0.0	0	0.0	0	0.25	1	1.0	3	1.0	1	0.0	0	0.0	0	0.0	0	0.0	0	0.0	0	0.0	0	0.0	0	0.25	1	0.75	0	0.0	1	0.0	0	0.0	0	0.0	0	0.0	0	0.0	0	0.0	0	0.0	0	0.0	0	-0.25	-1	
0.0	0	0.5	3	0.0	0	0.0	0	0.0	0	0.0	0	0.0	0	0.0	0	0.0	0	0.0	0	0.0	0	0.0	0	1.0	1	0.0	0	0.0	0	0.0	0	0.0	0	0.0	0	0.0	0	0.0	0	0.0	0	0.0	0	0.0	0	-0.5	2	0.0	0	0.0	0	0.0	0	0.0	0	0.0	0	0.0	0	0.0	0	0.0	0	0.0	0	
1.0	2	1.0	4	1.0	1	0.0	0	0.0	0	0.0	0	0.0	0	0.0	0	0.2	1	0.0	0	0.0	0	0.0	0	0.333333333333	1	0.333333333333	1	0.0	0	0.0	0	0.0	0	0.0	0	1.0	2	0.0	0	0.25	1	0.0	0	1.0	2	0.666666666667	3	0.666666666667	0	0.0	0	0.0	0	0.0	0	0.0	0	-1.0	-2	0.2	1	-0.25	-1	0.0	0	
0.5	1	0.5	2	0.5	1	0.0	0	0.0	0	0.0	0	0.0	0	0.0	0	0.0	0	0.0	0	0.0	0	0.0	0	0.0	0	0.0	0	0.0	0	0.0	0	0.0	0	0.0	0	1.0	2	0.0	0	0.0	0	0.0	0	0.5	1	0.5	2	0.5	1	0.0	0	0.0	0	0.0	0	0.0	0	-1.0	-2	0.0	0	0.0	0	0.0	0	
0.0	0	1.0	2	0.0	0	0.0	0	0.0	0	0.0	0	0.0	0	0.0	0	0.0	0	0.0	0	0.0	0	0.0	0	0.5	3	0.0	0	0.0	0	0.0	0	0.0	0	0.0	0	0.0	0	0.0	0	0.0	0	0.0	0	0.0	0	0.5	-1	0.0	0	0.0	0	0.0	0	0.0	0	0.0	0	0.0	0	0.0	0	0.0	0	0.0	0	
1.0	1	1.0	2	1.0	1	0.0	0	0.0	0	0.0	0	0.0	0	0.0	0	0.0	0	0.0	0	0.0	0	0.0	0	1.0	4	1.0	2	0.0	0	0.0	0	0.0	0	0.0	0	0.333333333333	1	0.0	0	0.0	0	0.0	0	1.0	1	0.0	-2	0.0	-1	0.0	0	0.0	0	0.0	0	0.0	0	-0.333333333333	-1	0.0	0	0.0	0	0.0	0	
1.0	2	0.5	1	0.0	0	0.0	0	0.0	0	0.0	0	0.0	0	0.0	0	0.0	0	0.0	0	0.0	0	1.0	2	1.0	2	0.0	0	0.0	0	0.0	0	0.0	0	0.0	0	0.0	0	0.0	0	0.0	0	0.0	0	0.0	0	-0.5	-1	0.0	0	0.0	0	0.0	0	0.0	0	0.0	0	0.0	0	0.0	0	0.0	0	0.0	0	
1.0	2	1.0	3	0.0	0	0.0	0	0.0	0	0.0	0	0.0	0	0.0	0	0.0	0	0.0	0	0.0	0	0.2	1	1.0	2	0.0	0	0.0	0	0.0	0	0.0	0	0.0	0	0.0	0	0.0	0	0.0	0	0.0	0	0.8	1	0.0	1	0.0	0	0.0	0	0.0	0	0.0	0	0.0	0	0.0	0	0.0	0	0.0	0	0.0	0	
0.333333333333	2	0.5	4	0.333333333333	1	1.0	2	0.0	0	0.0	0	0.0	0	0.0	0	0.25	1	0.0	0	0.0	0	0.0	0	0.333333333333	2	0.0	0	0.5	3	0.0	0	0.0	0	0.0	0	0.25	1	0.0	0	0.0	0	0.0	0	0.333333333333	2	0.166666666667	2	0.333333333333	1	0.5	-1	0.0	0	0.0	0	0.0	0	-0.25	-1	0.25	1	0.0	0	0.0	0	
0.5	1	0.333333333333	2	0.0	0	0.0	0	0.0	0	0.0	0	0.0	0	0.0	0	0.0	0	0.0	0	0.0	0	1.0	1	0.333333333333	1	0.0	0	0.0	0	1.0	1	0.0	0	0.0	0	0.0	0	0.0	0	0.0	0	0.0	0	-0.5	0	0.0	1	0.0	0	0.0	0	-1.0	-1	0.0	0	0.0	0	0.0	0	0.0	0	0.0	0	0.0	0	
0.333333333333	1	0.5	3	0.0	0	0.0	0	0.0	0	0.0	0	0.0	0	0.0	0	0.0	0	0.0	0	0.0	0	0.0	0	1.0	2	0.0	0	0.0	0	0.0	0	0.0	0	0.0	0	0.5	2	0.0	0	0.0	0	0.0	0	0.333333333333	1	-0.5	1	0.0	0	0.0	0	0.0	0	0.0	0	0.0	0	-0.5	-2	0.0	0	0.0	0	0.0	0	
0.2	1	0.333333333333	3	0.0	0	0.25	1	0.2	1	0.0	0	0.0	0	0.0	0	0.0	0	0.0	0	0.0	0	0.0	0	1.0	1	0.0	0	0.0	0	0.0	0	0.0	0	0.0	0	0.0	0	0.0	0	0.0	0	0.0	0	0.2	1	-0.666666666667	2	0.0	0	0.25	1	0.2	1	0.0	0	0.0	0	0.0	0	0.0	0	0.0	0	0.0	0	
1.0	2	1.0	3	1.0	1	0.0	0	0.0	0	0.0	0	0.0	0	0.0	0	0.0	0	0.0	0	0.0	0	0.0	0	0.25	1	0.0	0	0.0	0	0.0	0	0.0	0	0.0	0	0.0	0	0.0	0	0.0	0	0.0	0	1.0	2	0.75	2	1.0	1	0.0	0	0.0	0	0.0	0	0.0	0	0.0	0	0.0	0	0.0	0	0.0	0	
0.0	0	1.0	5	0.0	0	0.0	0	0.0	0	0.0	0	0.0	0	0.0	0	0.0	0	0.0	0	0.0	0	0.0	0	1.0	3	0.0	0	0.0	0	0.0	0	0.0	0	0.0	0	0.2	1	0.0	0	0.0	0	0.0	0	0.0	0	0.0	2	0.0	0	0.0	0	0.0	0	0.0	0	0.0	0	-0.2	-1	0.0	0	0.0	0	0.0	0	
0.333333333333	1	0.5	2	0.333333333333	1	0.0	0	0.0	0	0.0	0	0.0	0	0.0	0	0.0	0	1.0	2	0.0	0	1.0	1	1.0	1	0.333333333333	1	0.0	0	1.0	1	0.0	0	0.0	0	0.0	0	0.0	0	0.0	0	0.0	0	-0.666666666667	0	-0.5	1	0.0	0	0.0	0	-1.0	-1	0.0	0	0.0	0	0.0	0	0.0	0	1.0	2	0.0	0	
1.0	3	1.0	4	1.0	1	0.2	1	0.0	0	0.0	0	0.0	0	0.0	0	0.0	0	0.0	0	0.0	0	1.0	1	0.333333333333	1	0.0	0	0.333333333333	1	1.0	1	0.0	0	0.0	0	0.0	0	0.0	0	0.0	0	0.0	0	0.0	2	0.666666666667	3	1.0	1	-0.133333333333	0	-1.0	-1	0.0	0	0.0	0	0.0	0	0.0	0	0.0	0	0.0	0	
0.5	1	0.333333333333	1	0.0	0	0.0	0	0.0	0	0.0	0	0.0	0	0.0	0	0.0	0	0.0	0	0.0	0	0.0	0	0.0	0	0.0	0	0.0	0	0.0	0	0.0	0	0.0	0	0.0	0	0.0	0	1.0	1	0.0	0	0.5	1	0.333333333333	1	0.0	0	0.0	0	0.0	0	0.0	0	0.0	0	0.0	0	0.0	0	-1.0	-1	0.0	0	
1.0	1	0.5	2	0.0	0	0.5	2	0.0	0	0.0	0	0.0	0	0.0	0	0.0	0	0.0	0	0.0	0	0.0	0	0.333333333333	3	0.0	0	0.25	1	0.0	0	0.0	0	0.0	0	0.0	0	0.0	0	0.0	0	0.0	0	1.0	1	0.166666666667	-1	0.0	0	0.25	1	0.0	0	0.0	0	0.0	0	0.0	0	0.0	0	0.0	0	0.0	0	
0.333333333333	2	0.0	0	0.0	0	0.0	0	0.0	0	0.0	0	0.0	0	0.0	0	0.0	0	0.0	0	0.0	0	0.0	0	0.2	1	0.0	0	0.0	0	0.0	0	0.0	0	0.0	0	0.5	1	0.0	0	0.0	0	0.2	1	0.333333333333	2	-0.2	-1	0.0	0	0.0	0	0.0	0	0.0	0	0.0	0	-0.5	-1	0.0	0	0.0	0	-0.2	-1	
0.25	1	0.25	1	0.25	1	0.0	0	0.0	0	0.0	0	0.0	0	0.0	0	0.0	0	0.0	0	0.0	0	0.0	0	0.0	0	0.0	0	0.0	0	0.0	0	0.0	0	0.0	0	0.5	1	0.0	0	0.0	0	0.0	0	0.25	1	0.25	1	0.25	1	0.0	0	0.0	0	0.0	0	0.0	0	-0.5	-1	0.0	0	0.0	0	0.0	0	
0.5	1	0.5	1	0.0	0	0.0	0	0.0	0	0.0	0	0.0	0	0.0	0	0.5	1	0.0	0	0.0	0	0.0	0	0.0	0	0.0	0	0.0	0	0.0	0	0.0	0	0.0	0	0.0	0	0.0	0	0.0	0	0.0	0	0.5	1	0.5	1	0.0	0	0.0	0	0.0	0	0.0	0	0.0	0	0.0	0	0.5	1	0.0	0	0.0	0	
1.0	5	1.0	2	1.0	1	0.0	0	0.0	0	0.0	0	0.0	0	0.0	0	0.0	0	0.0	0	0.0	0	1.0	1	1.0	5	0.0	0	0.0	0	1.0	1	0.0	0	0.0	0	0.0	0	0.0	0	0.0	0	0.0	0	0.0	4	0.0	-3	1.0	1	0.0	0	-1.0	-1	0.0	0	0.0	0	0.0	0	0.0	0	0.0	0	0.0	0	
0.0	0	0.333333333333	1	0.0	0	0.0	0	0.0	0	0.0	0	0.0	0	0.0	0	0.0	0	0.0	0	0.0	0	0.0	0	0.5	1	0.0	0	0.0	0	0.0	0	0.0	0	0.0	0	0.0	0	0.0	0	0.0	0	0.0	0	0.0	0	-0.166666666667	0	0.0	0	0.0	0	0.0	0	0.0	0	0.0	0	0.0	0	0.0	0	0.0	0	0.0	0	
0.25	1	0.5	1	0.0	0	0.0	0	0.0	0	0.0	0	0.0	0	0.0	0	0.0	0	0.0	0	0.0	0	0.0	0	1.0	1	0.0	0	0.0	0	0.0	0	0.0	0	0.0	0	0.0	0	0.0	0	0.0	0	0.0	0	0.25	1	-0.5	0	0.0	0	0.0	0	0.0	0	0.0	0	0.0	0	0.0	0	0.0	0	0.0	0	0.0	0	
0.0	0	0.5	1	0.0	0	0.0	0	0.0	0	0.0	0	0.0	0	0.0	0	0.0	0	0.0	0	0.0	0	0.0	0	0.333333333333	1	0.0	0	0.0	0	0.0	0	0.0	0	0.0	0	0.5	2	0.0	0	0.0	0	0.0	0	0.0	0	0.166666666667	0	0.0	0	0.0	0	0.0	0	0.0	0	0.0	0	-0.5	-2	0.0	0	0.0	0	0.0	0	
0.0	0	1.0	3	0.0	0	0.0	0	0.0	0	0.0	0	0.0	0	0.0	0	0.0	0	0.0	0	0.0	0	0.5	2	1.0	4	0.25	1	0.5	1	0.0	0	0.0	0	0.0	0	0.0	0	0.0	0	0.0	0	0.0	0	-0.5	-2	0.0	-1	-0.25	-1	-0.5	-1	0.0	0	0.0	0	0.0	0	0.0	0	0.0	0	0.0	0	0.0	0	
0.2	1	1.0	4	0.0	0	0.0	0	0.0	0	0.0	0	0.0	0	0.0	0	0.0	0	0.0	0	0.2	1	0.0	0	0.25	1	0.25	1	0.0	0	0.0	0	0.0	0	0.0	0	0.0	0	0.0	0	0.0	0	0.0	0	0.2	1	0.75	3	-0.25	-1	0.0	0	0.0	0	0.0	0	0.0	0	0.0	0	0.0	0	0.0	0	0.2	1	
0.0	0	1.0	2	0.0	0	0.0	0	0.0	0	0.0	0	0.0	0	0.0	0	0.0	0	0.0	0	0.0	0	0.0	0	0.2	1	0.0	0	0.0	0	0.0	0	0.0	0	0.0	0	0.5	2	0.0	0	0.333333333333	1	0.0	0	0.0	0	0.8	1	0.0	0	0.0	0	0.0	0	0.0	0	0.0	0	-0.5	-2	0.0	0	-0.333333333333	-1	0.0	0	
0.25	1	0.5	1	0.0	0	0.0	0	0.0	0	0.0	0	0.0	0	0.0	0	0.0	0	0.0	0	0.0	0	0.0	0	0.5	1	0.0	0	0.0	0	0.0	0	0.0	0	0.0	0	0.25	1	0.0	0	1.0	1	0.0	0	0.25	1	0.0	0	0.0	0	0.0	0	0.0	0	0.0	0	0.0	0	-0.25	-1	0.0	0	-1.0	-1	0.0	0	
1.0	1	1.0	4	0.0	0	0.0	0	1.0	1	0.0	0	0.0	0	0.0	0	0.0	0	0.0	0	0.0	0	0.0	0	1.0	3	0.0	0	0.0	0	1.0	1	0.0	0	0.0	0	0.0	0	0.0	0	0.0	0	0.0	0	1.0	1	0.0	1	0.0	0	0.0	0	0.0	0	0.0	0	0.0	0	0.0	0	0.0	0	0.0	0	0.0	0	
1.0	2	0.333333333333	3	0.0	0	0.0	0	0.0	0	0.0	0	0.0	0	0.0	0	0.333333333333	1	0.0	0	0.0	0	0.0	0	0.25	1	0.0	0	0.0	0	0.0	0	0.0	0	0.0	0	0.0	0	0.0	0	0.333333333333	1	0.0	0	1.0	2	0.0833333333333	2	0.0	0	0.0	0	0.0	0	0.0	0	0.0	0	0.0	0	0.333333333333	1	-0.333333333333	-1	0.0	0	
0.0	0	0.5	4	0.0	0	0.0	0	0.0	0	0.0	0	0.0	0	0.0	0	0.0	0	0.0	0	0.0	0	0.0	0	0.2	1	0.0	0	0.0	0	0.0	0	0.0	0	0.0	0	0.0	0	0.0	0	0.0	0	0.0	0	0.0	0	0.3	3	0.0	0	0.0	0	0.0	0	0.0	0	0.0	0	0.0	0	0.0	0	0.0	0	0.0	0	
0.0	0	0.5	2	0.0	0	0.0	0	0.0	0	0.0	0	0.0	0	0.0	0	0.0	0	0.0	0	0.0	0	0.0	0	0.0	0	0.0	0	0.0	0	0.0	0	0.0	0	0.0	0	0.5	2	0.0	0	0.0	0	0.0	0	0.0	0	0.5	2	0.0	0	0.0	0	0.0	0	0.0	0	0.0	0	-0.5	-2	0.0	0	0.0	0	0.0	0	
0.0	0	0.0	0	0.0	0	0.0	0	0.0	0	0.0	0	0.0	0	0.0	0	0.0	0	0.0	0	0.0	0	0.0	0	0.0	0	0.0	0	0.0	0	0.0	0	0.0	0	0.0	0	1.0	1	0.0	0	0.0	0	0.0	0	0.0	0	0.0	0	0.0	0	0.0	0	0.0	0	0.0	0	0.0	0	-1.0	-1	0.0	0	0.0	0	0.0	0	
0.0	0	0.0	0	0.0	0	0.0	0	0.0	0	0.0	0	0.0	0	0.0	0	0.0	0	0.0	0	0.0	0	0.0	0	0.0	0	0.333333333333	1	0.0	0	0.0	0	0.0	0	0.0	0	0.5	1	0.0	0	0.0	0	0.0	0	0.0	0	0.0	0	-0.333333333333	-1	0.0	0	0.0	0	0.0	0	0.0	0	-0.5	-1	0.0	0	0.0	0	0.0	0	
0.0	0	1.0	4	0.0	0	0.0	0	0.0	0	0.0	0	0.0	0	0.0	0	0.0	0	0.0	0	0.0	0	0.0	0	1.0	3	0.25	1	0.0	0	0.0	0	0.0	0	0.333333333333	1	0.0	0	0.0	0	0.0	0	0.0	0	0.0	0	0.0	1	-0.25	-1	0.0	0	0.0	0	0.0	0	-0.333333333333	-1	0.0	0	0.0	0	0.0	0	0.0	0	
1.0	3	0.333333333333	3	0.0	0	0.0	0	0.0	0	0.0	0	0.0	0	0.0	0	0.25	1	0.0	0	0.0	0	1.0	2	1.0	2	0.0	0	0.0	0	0.2	1	0.0	0	0.0	0	0.0	0	0.0	0	0.0	0	0.0	0	0.0	1	-0.666666666667	1	0.0	0	0.0	0	-0.2	-1	0.0	0	0.0	0	0.0	0	0.25	1	0.0	0	0.0	0	
0.0	0	1.0	2	0.0	0	1.0	1	0.0	0	0.0	0	0.0	0	0.0	0	0.0	0	0.0	0	0.0	0	0.0	0	0.25	2	0.25	1	0.333333333333	1	0.0	0	0.0	0	0.0	0	0.0	0	0.0	0	0.0	0	0.0	0	0.0	0	0.75	0	-0.25	-1	0.666666666667	0	0.0	0	0.0	0	0.0	0	0.0	0	0.0	0	0.0	0	0.0	0	
0.5	1	1.0	5	0.0	0	0.0	0	0.0	0	0.0	0	0.0	0	0.0	0	0.5	1	0.0	0	0.0	0	0.0	0	0.0	0	0.0	0	0.0	0	0.0	0	0.0	0	0.0	0	0.333333333333	1	0.0	0	0.0	0	0.0	0	0.5	1	1.0	5	0.0	0	0.0	0	0.0	0	0.0	0	0.0	0	-0.333333333333	-1	0.5	1	0.0	0	0.0	0	
1.0	1	1.0	4	0.0	0	0.0	0	0.0	0	0.0	0	0.0	0	0.0	0	1.0	1	0.0	0	0.0	0	0.0	0	0.0	0	0.0	0	0.0	0	0.0	0	0.0	0	0.0	0	0.5	2	0.0	0	0.2	1	0.0	0	1.0	1	1.0	4	0.0	0	0.0	0	0.0	0	0.0	0	0.0	0	-0.5	-2	1.0	1	-0.2	-1	0.0	0	
1.0	2	1.0	5	0.0	0	0.333333333333	3	0.0	0	0.0	0	0.0	0	0.0	0	0.0	0	0.0	0	0.0	0	0.0	0	1.0	4	0.0	0	1.0	4	0.0	0	0.0	0	0.0	0	0.0	0	0.0	0	0.0	0	0.0	0	1.0	2	0.0	1	0.0	0	-0.666666666667	-1	0.0	0	0.0	0	0.0	0	0.0	0	0.0	0	0.0	0	0.0	0	
0.0	0	0.25	1	0.0	0	0.0	0	0.0	0	0.0	0	0.0	0	0.0	0	0.0	0	0.0	0	0.0	0	0.0	0	0.0	0	0.0	0	0.0	0	0.0	0	0.0	0	0.0	0	0.0	0	0.0	0	0.0	0	0.0	0	0.0	0	0.25	1	0.0	0	0.0	0	0.0	0	0.0	0	0.0	0	0.0	0	0.0	0	0.0	0	0.0	0	
0.5	1	0.0	0	0.0	0	0.0	0	0.0	0	0.0	0	0.0	0	0.0	0	0.0	0	0.0	0	0.0	0	0.0	0	0.0	0	0.0	0	0.0	0	0.0	0	0.0	0	0.0	0	0.0	0	0.0	0	0.0	0	0.0	0	0.5	1	0.0	0	0.0	0	0.0	0	0.0	0	0.0	0	0.0	0	0.0	0	0.0	0	0.0	0	0.0	0	
1.0	1	0.0	0	0.0	0	0.0	0	0.0	0	0.0	0	0.0	0	0.0	0	0.0	0	0.0	0	0.0	0	0.0	0	0.0	0	0.0	0	0.0	0	0.0	0	0.0	0	0.0	0	0.2	1	0.0	0	1.0	1	0.0	0	1.0	1	0.0	0	0.0	0	0.0	0	0.0	0	0.0	0	0.0	0	-0.2	-1	0.0	0	-1.0	-1	0.0	0	
0.0	0	1.0	3	0.0	0	0.0	0	0.0	0	0.0	0	0.0	0	0.0	0	0.0	0	0.0	0	0.0	0	0.0	0	1.0	3	0.0	0	0.0	0	0.0	0	0.0	0	1.0	1	0.0	0	0.0	0	0.0	0	0.0	0	0.0	0	0.0	0	0.0	0	0.0	0	0.0	0	0.0	0	-1.0	-1	0.0	0	0.0	0	0.0	0	0.0	0	
0.0	0	1.0	4	0.0	0	0.0	0	0.0	0	0.0	0	0.0	0	0.0	0	0.0	0	0.0	0	0.0	0	0.0	0	1.0	2	0.25	1	0.0	0	0.0	0	0.0	0	0.0	0	0.0	0	0.0	0	0.0	0	0.0	0	0.0	0	0.0	2	-0.25	-1	0.0	0	0.0	0	0.0	0	0.0	0	0.0	0	0.0	0	0.0	0	0.0	0	
0.0	0	0.0	0	0.0	0	0.0	0	0.0	0	0.0	0	0.0	0	0.0	0	0.0	0	0.0	0	0.0	0	0.0	0	0.333333333333	1	0.0	0	0.0	0	0.0	0	0.0	0	0.0	0	0.0	0	0.0	0	0.0	0	0.0	0	0.0	0	-0.333333333333	-1	0.0	0	0.0	0	0.0	0	0.0	0	0.0	0	0.0	0	0.0	0	0.0	0	0.0	0	
1.0	1	0.5	4	0.0	0	0.0	0	0.0	0	0.0	0	0.0	0	0.0	0	0.0	0	0.0	0	0.0	0	0.0	0	1.0	1	0.0	0	0.0	0	0.0	0	0.0	0	0.0	0	0.0	0	0.0	0	0.0	0	0.0	0	1.0	1	-0.5	3	0.0	0	0.0	0	0.0	0	0.0	0	0.0	0	0.0	0	0.0	0	0.0	0	0.0	0	
1.0	2	0.5	1	0.5	1	0.0	0	0.0	0	0.0	0	0.0	0	0.0	0	0.0	0	0.0	0	0.0	0	0.0	0	0.0	0	0.0	0	0.0	0	0.0	0	0.0	0	0.0	0	0.0	0	0.0	0	0.0	0	0.0	0	1.0	2	0.5	1	0.5	1	0.0	0	0.0	0	0.0	0	0.0	0	0.0	0	0.0	0	0.0	0	0.0	0	
0.0	0	1.0	4	0.0	0	0.0	0	0.0	0	0.0	0	0.0	0	0.0	0	0.0	0	0.0	0	0.0	0	0.0	0	1.0	4	0.0	0	0.0	0	0.0	0	0.0	0	0.0	0	0.0	0	0.0	0	0.0	0	0.0	0	0.0	0	0.0	0	0.0	0	0.0	0	0.0	0	0.0	0	0.0	0	0.0	0	0.0	0	0.0	0	0.0	0	
0.0	0	1.0	2	0.0	0	0.0	0	0.0	0	0.0	0	0.0	0	0.0	0	0.0	0	0.0	0	0.0	0	0.0	0	0.0	0	0.0	0	0.0	0	0.0	0	0.0	0	0.0	0	0.0	0	0.0	0	0.0	0	0.0	0	0.0	0	1.0	2	0.0	0	0.0	0	0.0	0	0.0	0	0.0	0	0.0	0	0.0	0	0.0	0	0.0	0	
0.0	0	0.0	0	0.0	0	0.0	0	0.0	0	0.0	0	0.0	0	0.0	0	0.0	0	0.0	0	0.0	0	0.0	0	0.2	1	0.0	0	0.0	0	0.0	0	0.0	0	0.0	0	0.5	1	0.0	0	0.25	1	0.0	0	0.0	0	-0.2	-1	0.0	0	0.0	0	0.0	0	0.0	0	0.0	0	-0.5	-1	0.0	0	-0.25	-1	0.0	0	
0.5	2	1.0	2	0.0	0	0.0	0	0.0	0	0.0	0	0.0	0	0.0	0	0.0	0	0.0	0	0.0	0	0.25	1	0.25	1	0.0	0	0.0	0	0.0	0	0.0	0	0.0	0	0.333333333333	1	0.0	0	0.0	0	0.0	0	0.25	1	0.75	1	0.0	0	0.0	0	0.0	0	0.0	0	0.0	0	-0.333333333333	-1	0.0	0	0.0	0	0.0	0	
0.333333333333	1	0.333333333333	1	0.333333333333	1	0.0	0	0.0	0	0.0	0	0.0	0	0.0	0	0.0	0	0.0	0	0.0	0	0.0	0	0.0	0	0.0	0	0.0	0	0.0	0	0.0	0	0.0	0	0.0	0	0.0	0	0.0	0	0.0	0	0.333333333333	1	0.333333333333	1	0.333333333333	1	0.0	0	0.0	0	0.0	0	0.0	0	0.0	0	0.0	0	0.0	0	0.0	0	
1.0	2	0.2	1	0.0	0	0.0	0	0.0	0	0.0	0	0.0	0	0.0	0	0.0	0	0.0	0	0.0	0	0.0	0	0.0	0	0.0	0	0.0	0	0.0	0	0.0	0	0.0	0	0.5	1	0.0	0	0.25	1	0.0	0	1.0	2	0.2	1	0.0	0	0.0	0	0.0	0	0.0	0	0.0	0	-0.5	-1	0.0	0	-0.25	-1	0.0	0	
1.0	1	0.25	1	0.0	0	0.0	0	0.0	0	0.0	0	0.0	0	0.0	0	0.0	0	0.0	0	0.0	0	0.0	0	0.0	0	0.0	0	0.0	0	0.0	0	0.0	0	0.0	0	0.5	3	0.0	0	0.333333333333	1	0.0	0	1.0	1	0.25	1	0.0	0	0.0	0	0.0	0	0.0	0	0.0	0	-0.5	-3	0.0	0	-0.333333333333	-1	0.0	0	
1.0	2	1.0	5	0.0	0	0.0	0	0.0	0	0.0	0	0.0	0	0.0	0	0.0	0	0.0	0	0.0	0	0.0	0	1.0	4	0.0	0	0.333333333333	2	1.0	1	0.0	0	0.0	0	0.0	0	0.0	0	0.0	0	0.0	0	1.0	2	0.0	1	0.0	0	-0.333333333333	-2	-1.0	-1	0.0	0	0.0	0	0.0	0	0.0	0	0.0	0	0.0	0	
0.333333333333	1	1.0	5	0.333333333333	1	0.5	2	0.0	0	0.0	0	0.0	0	0.0	0	0.0	0	0.0	0	0.0	0	0.5	1	0.333333333333	3	0.0	0	0.333333333333	2	0.5	1	0.0	0	0.0	0	0.0	0	0.0	0	0.0	0	0.0	0	-0.166666666667	0	0.666666666667	2	0.333333333333	1	0.166666666667	0	-0.5	-1	0.0	0	0.0	0	0.0	0	0.0	0	0.0	0	0.0	0	
1.0	1	1.0	4	0.0	0	0.0	0	0.0	0	0.0	0	0.0	0	0.0	0	1.0	1	0.0	0	0.0	0	0.0	0	0.0	0	0.0	0	0.0	0	0.0	0	0.0	0	0.0	0	1.0	2	0.0	0	0.0	0	0.0	0	1.0	1	1.0	4	0.0	0	0.0	0	0.0	0	0.0	0	0.0	0	-1.0	-2	1.0	1	0.0	0	0.0	0	
1.0	1	1.0	2	0.0	0	0.0	0	1.0	1	0.0	0	0.0	0	0.0	0	0.0	0	0.0	0	0.0	0	0.0	0	1.0	1	0.0	0	0.0	0	0.0	0	0.0	0	0.0	0	0.333333333333	2	0.0	0	0.5	1	0.0	0	1.0	1	0.0	1	0.0	0	0.0	0	1.0	1	0.0	0	0.0	0	-0.333333333333	-2	0.0	0	-0.5	-1	0.0	0	
0.5	1	0.5	2	0.5	1	0.0	0	0.0	0	0.0	0	0.0	0	0.0	0	0.0	0	0.0	0	0.0	0	0.0	0	1.0	3	0.333333333333	1	0.0	0	0.0	0	0.0	0	0.0	0	0.0	0	0.0	0	0.0	0	0.0	0	0.5	1	-0.5	-1	0.166666666667	0	0.0	0	0.0	0	0.0	0	0.0	0	0.0	0	0.0	0	0.0	0	0.0	0	
0.25	1	0.333333333333	1	0.0	0	0.0	0	0.0	0	0.0	0	0.0	0	0.0	0	0.0	0	0.0	0	0.0	0	0.0	0	1.0	2	0.333333333333	1	0.0	0	0.0	0	0.0	0	0.0	0	0.25	1	0.0	0	0.2	1	0.0	0	0.25	1	-0.666666666667	-1	-0.333333333333	-1	0.0	0	0.0	0	0.0	0	0.0	0	-0.25	-1	0.0	0	-0.2	-1	0.0	0	
1.0	1	1.0	2	1.0	1	0.0	0	0.0	0	0.0	0	0.0	0	0.0	0	0.0	0	0.0	0	0.0	0	0.0	0	1.0	2	0.5	1	0.0	0	0.0	0	0.0	0	0.0	0	0.0	0	0.0	0	0.0	0	0.0	0	1.0	1	0.0	0	0.5	0	0.0	0	0.0	0	0.0	0	0.0	0	0.0	0	0.0	0	0.0	0	0.0	0	
0.0	0	0.333333333333	2	0.0	0	0.0	0	0.0	0	0.0	0	0.0	0	0.0	0	0.0	0	0.0	0	0.0	0	0.0	0	0.5	3	0.0	0	0.0	0	0.0	0	0.0	0	0.0	0	1.0	1	0.0	0	0.0	0	0.0	0	0.0	0	-0.166666666667	-1	0.0	0	0.0	0	0.0	0	0.0	0	0.0	0	-1.0	-1	0.0	0	0.0	0	0.0	0	
0.0	0	0.25	1	0.0	0	0.0	0	0.0	0	0.0	0	0.0	0	0.0	0	0.0	0	0.0	0	0.0	0	0.0	0	1.0	3	0.0	0	0.0	0	0.0	0	0.0	0	0.0	0	0.25	1	0.0	0	0.333333333333	1	0.0	0	0.0	0	-0.75	-2	0.0	0	0.0	0	0.0	0	0.0	0	0.0	0	-0.25	-1	0.0	0	-0.333333333333	-1	0.0	0	
1.0	1	1.0	2	1.0	1	0.0	0	0.0	0	0.0	0	0.0	0	0.0	0	0.0	0	0.0	0	0.0	0	0.0	0	1.0	4	1.0	1	0.0	0	0.0	0	0.0	0	0.0	0	0.5	1	0.0	0	0.0	0	0.0	0	1.0	1	0.0	-2	0.0	0	0.0	0	0.0	0	0.0	0	0.0	0	-0.5	-1	0.0	0	0.0	0	0.0	0	
0.0	0	1.0	1	0.0	0	0.0	0	0.0	0	0.0	0	0.0	0	0.0	0	0.0	0	0.0	0	0.0	0	0.0	0	0.0	0	0.0	0	0.0	0	0.0	0	0.0	0	0.0	0	0.333333333333	2	0.0	0	0.0	0	0.0	0	0.0	0	1.0	1	0.0	0	0.0	0	0.0	0	0.0	0	0.0	0	-0.333333333333	-2	0.0	0	0.0	0	0.0	0	
0.333333333333	2	0.25	1	0.25	1	0.0	0	0.0	0	0.0	0	0.0	0	0.0	0	0.0	0	0.0	0	0.0	0	0.333333333333	1	0.2	1	0.2	1	0.0	0	0.333333333333	1	0.0	0	0.0	0	0.0	0	0.0	0	0.0	0	0.0	0	0.0	1	0.05	0	0.05	0	0.0	0	-0.333333333333	-1	0.0	0	0.0	0	0.0	0	0.0	0	0.0	0	0.0	0	
1.0	2	1.0	3	0.333333333333	1	0.0	0	0.0	0	0.0	0	0.0	0	0.0	0	0.0	0	0.0	0	0.0	0	1.0	2	1.0	4	0.0	0	0.0	0	1.0	2	0.0	0	0.2	1	0.0	0	0.0	0	0.0	0	0.0	0	0.0	0	0.0	-1	0.333333333333	1	0.0	0	-1.0	-2	0.0	0	-0.2	-1	0.0	0	0.0	0	0.0	0	0.0	0	
1.0	2	0.0	0	1.0	1	0.0	0	0.0	0	0.0	0	0.0	0	0.0	0	0.0	0	0.0	0	0.0	0	0.0	0	1.0	1	1.0	1	0.0	0	0.0	0	0.0	0	0.0	0	0.333333333333	1	0.0	0	0.0	0	0.0	0	1.0	2	-1.0	-1	0.0	0	0.0	0	0.0	0	0.0	0	0.0	0	-0.333333333333	-1	0.0	0	0.0	0	0.0	0	
1.0	2	0.25	1	0.25	1	0.0	0	0.0	0	0.0	0	0.0	0	0.0	0	0.0	0	0.0	0	0.0	0	1.0	1	1.0	2	0.5	1	0.0	0	1.0	1	0.0	0	0.0	0	0.2	1	0.0	0	0.0	0	0.0	0	0.0	1	-0.75	-1	-0.25	0	0.0	0	-1.0	-1	0.0	0	0.0	0	-0.2	-1	0.0	0	0.0	0	0.0	0	
1.0	3	1.0	3	0.333333333333	1	0.0	0	0.0	0	0.0	0	0.0	0	0.0	0	0.0	0	0.0	0	0.0	0	0.25	1	0.5	3	0.333333333333	1	0.0	0	0.0	0	0.0	0	0.0	0	0.0	0	0.0	0	0.0	0	0.0	0	0.75	2	0.5	0	0.0	0	0.0	0	0.0	0	0.0	0	0.0	0	0.0	0	0.0	0	0.0	0	0.0	0	
1.0	3	1.0	4	1.0	1	0.5	2	0.2	1	0.0	0	0.0	0	0.0	0	0.0	0	0.0	0	0.0	0	0.0	0	1.0	5	1.0	1	0.333333333333	3	0.0	0	0.0	0	0.0	0	0.0	0	0.0	0	0.0	0	0.0	0	1.0	3	0.0	-1	0.0	0	0.166666666667	-1	0.2	1	0.0	0	0.0	0	0.0	0	0.0	0	0.0	0	0.0	0	
1.0	2	1.0	4	0.0	0	0.0	0	0.5	1	0.0	0	0.0	0	0.0	0	0.0	0	0.0	0	0.0	0	0.0	0	0.5	1	0.0	0	0.0	0	0.0	0	0.0	0	0.0	0	0.0	0	0.0	0	0.0	0	0.0	0	1.0	2	0.5	3	0.0	0	0.0	0	0.5	1	0.0	0	0.0	0	0.0	0	0.0	0	0.0	0	0.0	0	
1.0	2	1.0	3	1.0	1	0.0	0	0.0	0	0.0	0	0.0	0	0.0	0	0.0	0	0.0	0	0.0	0	0.0	0	1.0	3	1.0	1	0.0	0	0.0	0	0.0	0	0.0	0	0.0	0	0.0	0	0.0	0	0.0	0	1.0	2	0.0	0	0.0	0	0.0	0	0.0	0	0.0	0	0.0	0	0.0	0	0.0	0	0.0	0	0.0	0	
0.0	0	1.0	3	0.0	0	0.0	0	0.0	0	0.0	0	0.0	0	0.0	0	0.0	0	0.0	0	0.0	0	0.0	0	0.333333333333	2	0.0	0	0.0	0	0.0	0	0.0	0	0.0	0	1.0	1	0.0	0	0.0	0	0.0	0	0.0	0	0.666666666667	1	0.0	0	0.0	0	0.0	0	0.0	0	0.0	0	-1.0	-1	0.0	0	0.0	0	0.0	0	
1.0	2	0.5	1	0.5	1	0.0	0	0.0	0	0.0	0	0.0	0	0.0	0	0.0	0	0.0	0	0.0	0	0.0	0	0.2	1	1.0	1	0.0	0	0.0	0	0.0	0	0.0	0	0.0	0	0.0	0	0.0	0	0.0	0	1.0	2	0.3	0	-0.5	0	0.0	0	0.0	0	0.0	0	0.0	0	0.0	0	0.0	0	0.0	0	0.0	0	
0.0	0	1.0	4	0.0	0	0.0	0	0.0	0	0.0	0	0.0	0	0.0	0	0.0	0	0.0	0	0.0	0	0.0	0	1.0	3	0.0	0	0.0	0	0.0	0	0.0	0	0.0	0	0.0	0	0.0	0	0.0	0	0.0	0	0.0	0	0.0	1	0.0	0	0.0	0	0.0	0	0.0	0	0.0	0	0.0	0	0.0	0	0.0	0	0.0	0	
1.0	1	1.0	1	0.0	0	0.0	0	1.0	1	0.0	0	0.0	0	0.0	0	0.0	0	0.0	0	0.0	0	0.0	0	0.333333333333	2	0.0	0	0.0	0	0.0	0	0.0	0	0.0	0	0.0	0	0.0	0	0.0	0	0.0	0	1.0	1	0.666666666667	-1	0.0	0	0.0	0	1.0	1	0.0	0	0.0	0	0.0	0	0.0	0	0.0	0	0.0	0	
0.333333333333	2	1.0	5	0.333333333333	1	0.0	0	0.0	0	0.0	0	0.0	0	0.0	0	0.0	0	0.0	0	0.0	0	0.5	1	0.5	2	0.0	0	0.5	1	0.0	0	0.0	0	0.0	0	0.0	0	0.0	0	0.0	0	0.0	0	-0.166666666667	1	0.5	3	0.333333333333	1	-0.5	-1	0.0	0	0.0	0	0.0	0	0.0	0	0.0	0	0.0	0	0.0	0	
1.0	1	0.5	2	0.0	0	0.0	0	0.0	0	0.0	0	0.0	0	0.0	0	0.0	0	0.0	0	0.0	0	1.0	1	1.0	2	0.0	0	0.0	0	1.0	1	0.0	0	0.0	0	0.0	0	0.0	0	0.0	0	0.0	0	0.0	0	-0.5	0	0.0	0	0.0	0	-1.0	-1	0.0	0	0.0	0	0.0	0	0.0	0	0.0	0	0.0	0	
0.2	1	0.333333333333	2	0.0	0	0.0	0	0.0	0	0.0	0	0.0	0	0.0	0	0.0	0	0.0	0	0.0	0	0.0	0	0.5	1	0.0	0	0.0	0	0.0	0	0.0	0	0.0	0	0.25	1	0.0	0	0.333333333333	1	0.0	0	0.2	1	-0.166666666667	1	0.0	0	0.0	0	0.0	0	0.0	0	0.0	0	-0.25	-1	0.0	0	-0.333333333333	-1	0.0	0	
0.25	1	0.333333333333	3	0.0	0	0.0	0	0.0	0	0.0	0	0.0	0	0.0	0	0.0	0	0.0	0	0.0	0	0.0	0	0.0	0	0.0	0	0.0	0	0.0	0	0.0	0	0.0	0	0.0	0	0.0	0	0.0	0	0.0	0	0.25	1	0.333333333333	3	0.0	0	0.0	0	0.0	0	0.0	0	0.0	0	0.0	0	0.0	0	0.0	0	0.0	0	
0.2	1	0.5	2	0.0	0	0.0	0	0.0	0	0.0	0	0.0	0	0.0	0	0.0	0	0.0	0	0.0	0	0.0	0	0.2	1	0.0	0	0.0	0	0.0	0	0.0	0	0.0	0	0.333333333333	2	0.0	0	0.0	0	0.0	0	0.2	1	0.3	1	0.0	0	0.0	0	0.0	0	0.0	0	0.0	0	-0.333333333333	-2	0.0	0	0.0	0	0.0	0	
0.0	0	1.0	3	0.0	0	0.0	0	0.0	0	0.0	0	0.0	0	0.0	0	0.0	0	0.0	0	0.0	0	0.0	0	1.0	3	0.0	0	0.0	0	0.0	0	0.0	0	0.0	0	0.0	0	0.0	0	0.0	0	0.0	0	0.0	0	0.0	0	0.0	0	0.0	0	0.0	0	0.0	0	0.0	0	0.0	0	0.0	0	0.0	0	0.0	0	
1.0	2	1.0	2	1.0	1	0.0	0	0.0	0	0.0	0	0.0	0	0.0	0	0.0	0	0.0	0	0.0	0	0.0	0	1.0	2	1.0	1	0.0	0	0.0	0	0.0	0	0.0	0	0.333333333333	1	0.0	0	0.0	0	0.0	0	1.0	2	0.0	0	0.0	0	0.0	0	0.0	0	0.0	0	0.0	0	-0.333333333333	-1	0.0	0	0.0	0	0.0	0	
0.0	0	0.5	4	0.0	0	0.25	1	0.0	0	0.0	0	0.0	0	0.0	0	0.0	0	0.0	0	0.0	0	0.0	0	0.0	0	0.0	0	0.0	0	0.0	0	0.0	0	0.0	0	1.0	2	0.0	0	0.0	0	0.0	0	0.0	0	0.5	4	0.0	0	0.25	1	0.0	0	0.0	0	0.0	0	-1.0	-2	0.0	0	0.0	0	0.0	0	
0.0	0	0.333333333333	3	0.0	0	0.0	0	0.0	0	0.0	0	0.0	0	0.0	0	0.0	0	0.0	0	0.0	0	0.0	0	0.333333333333	2	0.0	0	0.0	0	0.0	0	0.0	0	0.333333333333	1	0.0	0	0.0	0	0.0	0	0.0	0	0.0	0	0.0	1	0.0	0	0.0	0	0.0	0	0.0	0	-0.333333333333	-1	0.0	0	0.0	0	0.0	0	0.0	0	
1.0	1	1.0	5	0.0	0	0.0	0	0.0	0	0.0	0	0.0	0	0.0	0	0.0	0	0.0	0	0.0	0	0.0	0	0.0	0	0.0	0	0.0	0	0.0	0	0.0	0	0.0	0	0.0	0	0.0	0	0.0	0	0.0	0	1.0	1	1.0	5	0.0	0	0.0	0	0.0	0	0.0	0	0.0	0	0.0	0	0.0	0	0.0	0	0.0	0	
1.0	2	0.25	2	0.25	1	0.0	0	0.0	0	0.0	0	0.0	0	1.0	1	0.0	0	0.0	0	0.0	0	0.5	1	1.0	4	0.25	1	0.5	1	0.0	0	0.0	0	0.0	0	0.333333333333	1	0.0	0	0.0	0	0.0	0	0.5	1	-0.75	-2	0.0	0	-0.5	-1	0.0	0	0.0	0	0.0	0	0.666666666667	0	0.0	0	0.0	0	0.0	0	
1.0	3	0.5	3	0.25	1	0.0	0	0.0	0	0.0	0	0.0	0	0.0	0	0.0	0	0.0	0	0.0	0	0.5	1	1.0	3	0.0	0	0.0	0	0.0	0	0.0	0	0.0	0	0.0	0	0.0	0	0.0	0	0.0	0	0.5	2	-0.5	0	0.25	1	0.0	0	0.0	0	0.0	0	0.0	0	0.0	0	0.0	0	0.0	0	0.0	0	
0.0	0	0.2	1	0.0	0	0.0	0	0.0	0	0.0	0	0.0	0	0.0	0	0.0	0	0.0	0	0.0	0	0.0	0	1.0	1	0.0	0	0.0	0	0.0	0	0.0	0	0.0	0	0.0	0	0.0	0	0.0	0	0.0	0	0.0	0	-0.8	0	0.0	0	0.0	0	0.0	0	0.0	0	0.0	0	0.0	0	0.0	0	0.0	0	0.0	0	
0.0	0	0.0	0	0.0	0	0.0	0	0.0	0	0.0	0	0.0	0	0.0	0	0.0	0	0.0	0	0.0	0	0.0	0	1.0	1	0.0	0	0.0	0	0.333333333333	1	0.0	0	0.0	0	0.0	0	0.0	0	0.0	0	0.0	0	0.0	0	-1.0	-1	0.0	0	0.0	0	-0.333333333333	-1	0.0	0	0.0	0	0.0	0	0.0	0	0.0	0	0.0	0	
0.0	0	0.0	0	0.0	0	0.0	0	0.0	0	0.0	0	0.0	0	0.0	0	0.0	0	0.0	0	0.0	0	0.0	0	0.25	1	0.0	0	0.0	0	0.0	0	0.0	0	0.0	0	0.0	0	0.0	0	0.0	0	0.0	0	0.0	0	-0.25	-1	0.0	0	0.0	0	0.0	0	0.0	0	0.0	0	0.0	0	0.0	0	0.0	0	0.0	0	
0.0	0	0.0	0	0.0	0	0.0	0	0.0	0	0.0	0	0.0	0	0.0	0	0.0	0	0.0	0	0.0	0	0.0	0	0.2	1	0.0	0	0.0	0	0.0	0	0.0	0	0.0	0	0.5	1	0.0	0	0.0	0	0.0	0	0.0	0	-0.2	-1	0.0	0	0.0	0	0.0	0	0.0	0	0.0	0	-0.5	-1	0.0	0	0.0	0	0.0	0	
1.0	2	1.0	2	0.5	1	0.0	0	0.0	0	0.0	0	0.0	0	0.0	0	0.0	0	0.0	0	0.0	0	0.0	0	1.0	4	1.0	1	0.0	0	0.0	0	0.0	0	0.0	0	0.333333333333	1	0.0	0	0.0	0	0.0	0	1.0	2	0.0	-2	-0.5	0	0.0	0	0.0	0	0.0	0	0.0	0	-0.333333333333	-1	0.0	0	0.0	0	0.0	0	
0.2	1	1.0	4	0.0	0	0.0	0	0.0	0	0.0	0	0.0	0	0.0	0	0.0	0	0.0	0	0.0	0	0.0	0	1.0	3	0.0	0	0.0	0	0.0	0	0.0	0	0.0	0	0.333333333333	1	0.0	0	0.0	0	0.0	0	0.2	1	0.0	1	0.0	0	0.0	0	0.0	0	0.0	0	0.0	0	-0.333333333333	-1	0.0	0	0.0	0	0.0	0	
1.0	1	0.25	2	1.0	1	0.0	0	0.0	0	0.0	0	0.0	0	0.0	0	0.0	0	0.0	0	0.0	0	0.0	0	0.0	0	0.0	0	0.0	0	0.0	0	0.0	0	0.0	0	0.0	0	0.0	0	0.0	0	0.0	0	1.0	1	0.25	2	1.0	1	0.0	0	0.0	0	0.0	0	0.0	0	0.0	0	0.0	0	0.0	0	0.0	0	
0.25	1	0.333333333333	3	0.25	1	0.0	0	0.0	0	0.0	0	0.0	0	0.0	0	0.0	0	0.0	0	0.0	0	0.0	0	0.333333333333	2	0.0	0	0.0	0	0.0	0	0.0	0	0.0	0	0.0	0	0.0	0	0.0	0	0.0	0	0.25	1	0.0	1	0.25	1	0.0	0	0.0	0	0.0	0	0.0	0	0.0	0	0.0	0	0.0	0	0.0	0	
